TestApplication/TestData/ClipGridByPolygon/AHN-10.asc
ncols        890
nrows        884
xllcorner    156897.109406951810
yllcorner    539402.735173825170
cellsize     50.000000000000
NODATA_value -2147483647
[rows 738 to 778 of 884, columns 186 to 278 of 890]
-88 -66 -69 -78 -84 -95 -80 -100 -60 -81 -72 -74 -81 -59 -72 -67 -72 -51 -56 -16 -62 -38 46 -103 -40 -31 -50 -31 -36 -43 -56 -53 -91 -81 -77 -71 -101 -93 -97 -101 -95 -72 -79 -65 -95 -92 -128 -72 -30 -124 -64 -72 -119 24 28 25 34 26 71 -57 -67 -65 -59 -55 -61 -60 -68 -62 -50 -62 -58 -69 -60 -54 -59 -52 -62 -54 -58 -70 -70 -61 -66 -66 -62 -73 -63 -53 -64 -74 -60 -62 -64
-77 -59 -69 -80 -82 -83 -93 -59 -59 -70 -68 -105 -69 -74 -60 -68 -64 -47 -57 4 1 -89 -120 -37 -61 -33 -14 -41 -25 -47 -40 -18 -3 -86 -73 -89 -79 -88 -102 -94 -92 -98 -94 -89 -78 -87 -88 -165 -65 -119 -64 -79 -57 -44 27 27 -119 -49 11 -26 -51 -63 -57 -60 -54 -59 -67 -67 -69 -51 -65 -69 -63 -57 -58 -56 -68 -72 -55 -42 -72 -53 -63 -61 -59 -55 -64 -72 -67 -60 -72 -78 -67
-155 -83 -61 -74 -88 -60 -54 -34 -65 -54 -61 -66 -55 -49 -44 -68 -78 -65 -71 -67 -24 -92 -28 -116 -50 -64 -43 -25 -58 -1 -27 -40 0 -21 -81 -110 -91 -71 -76 -98 -95 -78 -96 -90 -101 -62 -69 -93 -83 -76 -49 -67 -56 -60 -61 -13 -47 -17 -45 40 -51 -63 -63 -67 -59 -63 -54 -66 -62 -66 -51 -65 -67 -58 -55 -58 -57 -69 -63 -56 -51 -71 -74 -61 -59 -67 -66 -71 -69 -61 -71 -74 -69
-84 -79 -61 -148 -61 -54 -30 -44 -56 -60 -62 -61 -20 -40 -81 -65 -72 -63 -137 -68 28 64 -21 -19 -77 -41 -66 -34 -34 -67 -56 -32 -53 -57 -85 -74 -87 -80 -76 -71 -93 -91 -89 -87 -88 -69 -21 -69 -81 -98 -85 -51 -48 -68 -55 -45 -48 -65 -31 33 -60 -51 -51 -63 -59 -57 -54 -59 -57 -57 -62 -58 -63 -68 -58 -58 -58 -68 -69 -65 -58 -61 -67 -71 -60 -61 -67 -60 -80 -67 -66 -66 -71
-95 -56 -41 -41 -8 -43 -53 -142 -62 -54 -39 -44 -49 -70 -57 -43 -68 -55 -57 -6 35 -55 -36 5 -8 -39 -23 -63 -36 -44 -76 -69 -53 -65 -70 -72 -65 -87 -70 -80 -80 -84 -79 -77 -89 -94 -59 -35 -84 -86 -85 -78 -54 -67 -66 -57 -63 -43 -37 -63 -64 -51 -51 -51 -63 -65 -59 -60 -56 -71 -70 -61 -66 -65 -68 -56 -55 -60 -57 -60 -66 -62 -51 -64 -72 -61 -67 -56 -65 -73 -61 -46 -63
-47 -36 -19 -25 -15 -28 -50 -56 -50 -36 -48 -68 -44 -39 -12 -28 -31 -23 -40 85 15 -46 -28 -1 14 -5 -43 -36 -66 -47 -47 -82 -80 -42 -68 -75 -71 -49 -39 -54 -81 -77 -68 -67 -89 -98 -90 -48 -55 -68 -70 -85 -73 -59 -54 -42 -56 -47 -91 -60 -51 35 -51 -51 -58 -66 -68 -58 -58 -59 -53 -67 -61 -52 -63 -65 -51 -56 -58 -54 -67 -63 -59 -60 -67 -72 -65 -69 -61 -79 -71 -68 -51
-30 -57 -55 -77 -52 -52 -73 -104 -48 -29 -31 -33 -1 22 121 48 140 -26 93 8 107 -25 -1 15 10 8 -30 -51 -48 -63 -40 -35 -69 15 -65 -61 -57 -68 -121 -63 -42 -68 -78 -76 -68 -101 -92 -76 -48 -30 -49 -52 -58 -36 -59 35 -4 -50 -57 40 -60 -68 30 -51 -51 -61 -64 -68 -57 -56 -58 -63 -73 -66 -55 -62 -58 -58 -64 -57 -68 -67 -68 -64 -67 -70 -57 -60 -58 -64 -64 -72 -61
-19 -47 -58 -57 -55 -56 -127 -52 -35 -18 -13 -12 18 119 278 386 157 240 211 183 111 22 4 12 21 17 4 -41 -48 -37 -52 -42 -38 -71 -110 -57 -48 -53 -59 -132 -37 -25 -70 -64 -75 -65 -97 -81 -65 -35 -36 -66 -65 -22 -34 -51 3 8 58 -64 -58 65 -34 -34 -51 -51 -51 -65 -66 -58 -57 -58 -67 -73 -63 -57 -69 -66 -53 -52 -61 -58 -53 -66 -61 -59 -71 -60 -58 -63 -59 -67 -62
-47 -71 -80 -146 -71 -54 -57 -34 -34 -15 6 20 98 265 371 394 359 356 220 195 118 99 52 25 21 20 14 -4 -5 -12 -25 -35 22 -97 -69 -64 -36 -50 -60 -56 -60 -43 -40 -90 -64 -75 -56 -89 -73 -75 -42 -41 -30 12 42 -67 -111 -13 -21 53 34 38 34 36 -18 -51 -51 -60 -67 -66 -57 -58 -63 -63 -74 -61 -58 -50 -69 -57 -60 -62 -70 -67 -69 -52 -51 -70 -73 -63 -58 -64 -60
-36 -58 -61 -48 -55 -46 -44 -19 1 0 0 29 431 324 463 449 354 326 246 196 118 139 105 70 75 60 33 13 23 33 62 42 72 49 21 17 -34 -34 -40 -67 -100 -30 -46 -28 -98 -52 -71 -53 -78 -69 -54 8 8 -62 37 -42 -46 -38 -16 39 -23 -60 -63 -21 41 -55 -54 -61 -62 -62 -57 -58 -60 -59 -63 -70 -66 -60 -66 -67 -60 -56 -56 -50 -68 -63 -59 -56 -68 -71 -60 -59 -56
-56 -112 -53 -148 -43 -33 -25 -8 -41 -23 88 108 315 619 474 436 370 273 213 195 116 153 115 156 129 101 102 95 74 112 21 115 100 24 131 144 100 1 -10 -47 -51 -124 4 -44 -31 -156 -41 -54 -51 -70 -60 4 60 3 -10 -46 -60 -145 6 -6 11 64 45 -64 -34 -67 -8 -51 -51 -62 -66 -68 -58 -63 -64 -63 -72 -64 -58 -62 -63 -62 -59 -55 -59 -71 -65 -51 -64 -62 -57 26 -111
-28 -28 -21 -2 14 174 90 33 1 -1 37 207 384 441 435 373 318 200 195 150 169 120 116 125 240 164 144 171 185 183 100 145 191 165 214 186 165 115 79 69 -78 -49 -8 5 -31 -51 -50 -36 -75 -8 -51 27 -8 -15 -22 -45 -50 -52 -11 -70 -156 -49 -29 -45 -100 -58 -150 3 -18 -51 -51 -62 -58 -61 -58 -60 -64 -64 -66 -62 -6 -13 -84 -52 -54 19 3 52 -82 -67 -67 -55 -36
-6 -2 46 97 149 207 230 162 62 42 113 353 379 348 342 255 169 116 115 111 106 52 86 108 135 186 194 212 202 199 193 207 208 270 243 211 158 156 111 133 -14 -110 14 3 18 -52 -14 22 42 -60 -8 -29 -37 -8 -12 -24 -51 -97 -67 -51 -56 -53 -37 -64 -60 -62 -49 -51 31 -21 -51 -54 -69 -67 -57 -61 -58 -63 -70 -67 -38 -1 -11 -52 -61 -66 -54 -67 -61 -69 -78 -66 -49
5 99 129 139 168 210 196 261 226 235 306 310 234 114 214 127 101 41 55 86 70 37 70 61 147 145 177 204 196 218 195 93 263 237 235 223 156 98 137 31 52 2 6 18 18 13 18 -58 7 -39 -73 -9 -6 -29 -47 -65 -42 -31 -50 -47 -61 -49 -33 -56 -66 -50 -44 -71 29 -36 -51 -51 -56 -64 -69 -60 -65 -58 -73 -72 -69 12 -36 -106 -62 -59 -68 -65 -66 -65 -85 -56 -80
141 159 236 209 167 192 174 169 196 184 181 101 125 93 56 69 31 75 32 57 -12 74 33 111 40 119 119 141 190 170 200 203 194 253 221 180 146 147 77 67 65 14 27 27 31 -61 -59 2 -70 -51 -37 -49 -51 -61 -140 -63 -57 -56 -40 -52 -62 -54 -56 -49 -93 -63 -55 -57 -87 -30 -63 -63 -55 -60 -62 -58 -59 -54 -59 -65 -71 -72 -14 -20 -64 -57 -32 -88 -65 -70 -69 -68 -71
126 147 205 256 213 128 118 89 61 213 80 72 23 162 41 29 75 15 66 34 113 68 123 -20 56 33 107 118 93 123 159 130 140 180 170 136 132 132 113 93 46 42 48 -66 -13 18 25 32 -56 -62 -62 -69 -47 -57 -64 -56 -57 -56 -47 -41 -41 -41 -43 -47 -39 -43 -77 -73 -65 -19 -31 -61 -56 -51 -51 -63 -55 -55 -58 -61 -54 -56 -26 -19 -66 -59 -60 -116 -83 -80 -70 -61 -64
240 224 123 126 63 96 60 31 19 40 32 74 67 29 40 32 26 81 43 80 134 59 -9 66 21 53 24 69 95 119 82 123 130 89 -44 105 117 99 108 110 70 57 49 99 18 -3 -30 -61 -77 -140 -63 -38 -26 -38 -35 -54 -70 -50 -53 -44 -39 -26 -51 -46 -46 -45 -66 -76 -65 -136 -51 -65 -63 -61 -51 -51 -61 -68 -58 -57 -60 -53 -78 -33 -5 -61 -64 -35 -53 -62 -70 -62 -60
197 131 89 40 42 15 37 37 0 40 38 50 67 54 43 61 44 9 67 43 4 48 85 68 57 25 58 72 57 71 74 93 68 49 53 100 89 96 174 -51 -63 69 32 39 34 108 -49 -81 -67 -44 -48 -60 -53 -65 -31 -21 -41 -50 -40 -28 -43 -8 -34 -53 -56 -54 -144 -67 -75 -82 -19 -48 -61 -61 -61 -52 -63 -61 -71 -59 -60 -59 -58 -72 -18 -26 -72 -22 -16 -57 -54 -17 -67
116 78 38 37 9 -14 4 99 24 30 58 47 70 75 57 53 53 44 53 51 69 81 74 59 69 25 57 42 109 42 76 30 73 74 50 58 62 124 105 174 179 60 44 29 15 0 -7 -22 -18 -40 -47 -26 -31 -47 -54 -44 -21 -46 -59 -36 -64 -19 -8 -34 -61 -30 -62 -55 -67 -72 -84 -34 -60 -58 -62 -55 -55 -58 -66 -67 -60 -62 -56 -63 -74 -66 -55 -63 -36 23 -156 -39 -111
84 57 16 34 -8 14 33 29 82 53 44 58 51 52 70 33 53 56 34 50 96 12 91 79 0 75 49 41 103 80 76 64 46 48 73 22 106 93 122 101 130 69 67 46 46 17 -28 -30 -21 -26 -38 -36 -16 -31 -130 -51 -37 -51 -56 -27 -37 -10 -8 -15 -1 -20 -38 -43 -52 -51 -63 -21 -58 -55 -56 -56 -59 -51 -58 -34 -16 -14 -21 -57 -72 -69 -33 -25 25 -76 -68 -68 -92
89 31 23 7 58 82 38 44 -28 1 77 58 43 48 58 54 43 60 57 89 93 100 66 77 62 70 81 101 75 46 71 91 46 86 17 108 32 93 34 80 102 50 47 68 -18 7 -64 -46 -36 -45 -28 -28 -18 -23 -15 -41 -33 -33 -48 -10 -14 1 -14 -29 -29 -19 -18 -19 -30 -66 -27 -26 -57 -41 -64 -55 -64 -51 -52 -9 -17 -38 -36 -34 -63 -68 -23 -5 -49 -81 -87 -90 -98
55 62 12 69 54 52 55 49 41 36 46 16 35 37 51 44 34 51 60 56 39 46 53 88 77 65 89 53 64 55 98 45 124 46 122 61 69 56 65 75 63 52 87 60 11 10 -26 -36 -45 -70 -64 -27 8 -30 -45 -20 -140 -7 -13 -37 9 23 -2 -28 -119 -24 -9 -38 -40 -62 -49 -22 -8 -25 -39 -44 -45 -29 -27 -16 -16 -15 -28 -22 -61 -61 -65 -76 -23 -76 -88 -91 -99
42 40 70 66 68 56 67 32 -36 2 30 -17 8 37 51 57 53 69 41 60 76 91 134 104 78 78 89 78 49 50 46 68 83 108 67 90 38 50 67 54 60 66 92 114 118 60 -26 -56 -51 -62 -52 6 6 -17 -5 0 15 7 3 -2 -11 -9 -7 12 23 -4 -14 -43 -17 -33 -48 -44 -128 56 -2 45 60 46 18 1 -12 -31 -32 -25 -34 -12 -54 -68 -47 -3 -83 -95 -84
35 66 87 69 72 77 36 51 9 7 -13 -32 72 37 90 82 50 72 51 80 79 82 90 55 104 51 81 70 54 60 62 60 82 99 57 77 -5 52 49 37 98 60 42 83 92 72 47 59 -28 -35 -26 -43 23 3 5 12 29 38 15 32 15 17 38 35 3 -1 -15 -10 -7 -27 -32 -25 -26 -36 -31 -26 -18 -31 -34 -15 -13 -66 -45 -37 -68 -76 -73 47 41 -34 -33 -105 -88
113 128 64 101 58 77 60 37 15 -36 33 52 39 76 60 81 76 31 73 79 92 77 86 1 84 95 72 74 70 84 64 57 106 90 74 101 84 53 104 119 95 89 92 75 65 93 115 76 59 68 67 41 5 -84 43 83 120 90 0 9 9 -12 25 31 27 3 -16 -6 8 -14 -16 -8 -9 -18 -21 3 10 -7 -37 -36 -53 -46 -18 -40 -26 -72 -78 -59 7 -60 -89 -98 -89
89 134 47 89 52 54 67 56 36 -6 57 57 92 31 12 83 93 47 85 61 83 78 55 78 137 120 113 80 70 61 8 109 78 88 87 89 119 145 102 107 84 96 90 83 92 93 85 95 91 65 53 -2 2 58 140 156 121 118 13 22 32 33 20 44 -13 -11 8 2 -65 11 -1 8 1 0 4 38 7 6 -25 -16 -25 -23 -19 -27 -38 -58 -90 -121 55 -20 -80 -157 -63
93 123 113 63 65 37 64 70 19 90 41 43 70 33 52 47 75 50 56 65 60 72 80 71 34 182 37 93 62 66 101 81 89 64 60 133 119 93 142 119 98 79 58 79 99 86 101 52 52 42 42 31 79 117 180 208 242 161 109 79 69 36 38 27 42 29 30 43 9 0 15 -18 18 22 -3 42 24 1 -16 -4 -4 -20 -52 -50 -37 -46 -70 -86 34 -118 -94 -83 -84
99 84 105 92 46 42 27 54 73 -3 54 78 28 79 29 37 30 91 35 -42 85 68 104 59 64 67 231 158 -25 91 99 66 64 71 106 111 120 121 114 137 109 95 112 101 65 82 87 49 72 96 98 78 120 159 178 266 233 229 169 124 94 87 106 81 59 32 41 7 23 18 19 21 41 19 2 26 32 17 1 -21 3 11 -2 -26 -38 23 -57 -76 -52 -92 -75 -75 -78
83 94 82 53 36 24 63 29 20 81 47 77 56 40 20 34 42 48 39 43 86 112 75 46 53 60 199 250 24 75 96 85 52 69 95 146 129 134 106 98 81 116 53 -43 114 65 74 60 84 77 117 98 87 145 182 188 233 249 256 219 199 182 145 99 85 57 60 55 32 29 31 42 37 17 -60 1 11 27 27 18 17 -10 -7 11 -16 32 -26 -40 -44 -66 -35 -35 -39
68 76 63 -38 -20 64 62 34 40 75 68 35 75 15 -55 112 47 50 31 42 53 51 18 75 75 134 -43 17 176 -51 106 -33 80 73 141 142 134 165 113 141 135 120 142 71 64 88 99 87 -31 58 76 99 165 129 179 216 281 269 310 310 301 258 174 134 92 99 93 77 57 34 31 62 73 34 41 6 13 4 -22 34 5 5 -30 -19 -15 25 22 -14 -46 39 -14 -14 -99
48 62 43 46 -43 72 27 47 95 35 68 60 35 168 179 140 50 41 45 48 47 59 148 66 95 54 46 43 77 99 -51 40 80 139 145 165 160 166 165 161 138 148 108 77 114 67 61 2 85 115 127 94 135 155 187 251 327 329 324 355 353 355 238 163 127 143 146 148 173 101 57 69 84 22 -6 13 30 15 0 36 19 -10 5 -7 9 -13 13 12 -11 68 -47 24 19
44 52 48 11 -43 51 34 -13 64 3 41 46 35 -54 183 -53 -37 38 32 49 88 33 39 48 63 87 60 41 50 134 142 -51 -51 128 166 153 158 219 190 163 147 176 122 99 96 125 98 -35 76 113 116 152 133 162 194 233 355 332 335 334 377 360 317 270 249 244 264 281 288 208 166 67 96 54 37 7 9 21 9 35 31 21 12 1 13 30 -7 -59 37 42 52 80 101
-33 101 89 85 53 47 57 54 21 56 100 22 -26 26 22 31 37 93 46 43 44 78 1 -46 50 42 34 24 35 45 35 42 9 0 150 112 226 198 187 197 174 141 114 143 127 145 119 115 113 119 125 132 171 175 224 272 335 338 364 358 403 363 365 336 333 322 353 386 383 305 203 126 97 69 64 16 -61 2 14 10 25 -33 20 -2 12 22 -54 50 86 42 107 106 98
-5 12 19 58 -26 65 -4 61 20 -34 57 55 85 64 -20 -14 26 36 -46 43 55 51 -67 23 57 60 38 36 42 -5 36 27 71 130 -57 -51 128 208 187 149 137 147 125 148 114 134 154 112 -14 151 149 156 155 213 249 273 292 331 357 364 371 411 362 356 378 389 429 450 433 359 345 182 135 81 62 64 -12 43 79 25 40 15 1 35 26 35 -10 4 96 129 119 64 102
-16 5 24 -3 18 -17 -39 10 3 66 15 43 60 25 18 -22 65 31 29 20 46 93 53 85 57 66 34 36 27 41 45 47 73 90 109 23 179 115 136 138 140 126 142 155 158 206 168 159 135 143 130 145 200 243 248 281 293 312 319 335 349 308 299 383 390 435 473 471 431 367 307 210 178 112 122 78 5 11 70 88 145 30 15 40 77 60 47 47 97 129 81 124 136
114 65 -15 0 0 41 38 31 44 -37 19 72 5 24 29 -24 -23 0 27 -12 101 51 42 42 58 32 56 26 26 14 47 60 68 79 60 47 121 87 130 58 121 143 170 172 189 179 165 133 162 111 131 162 202 210 237 257 262 268 329 347 343 354 333 373 406 367 440 430 381 315 257 216 176 151 142 108 13 3 16 73 112 55 52 41 81 44 85 72 82 91 82 133 85
4 2 -28 1 -34 50 15 53 11 56 74 74 67 80 12 32 -21 -20 23 73 67 43 45 56 32 48 39 14 55 27 51 51 79 79 84 68 69 112 107 119 185 178 196 170 184 156 165 167 148 128 120 147 171 192 221 235 220 231 282 325 289 328 355 369 401 387 372 349 289 236 177 125 117 80 74 1 52 3 66 90 65 -15 -15 3 12 79 61 90 81 76 63 78 138
135 98 21 -8 -11 -34 40 35 -5 -35 67 -12 69 72 53 21 34 65 50 61 13 46 48 34 -1 56 37 44 25 5 28 46 82 104 95 58 75 76 56 123 119 127 173 178 152 157 154 146 139 141 123 127 148 179 200 136 194 229 242 228 251 308 343 365 377 372 370 306 228 187 122 123 70 88 75 54 47 44 55 57 68 40 -18 11 8 2 90 81 75 187 73 129 76
130 137 95 38 -10 25 -1 27 35 -19 -19 63 61 27 32 49 31 -20 -50 44 62 40 34 31 121 41 45 55 35 0 3 61 98 130 119 66 6 64 64 81 113 131 156 155 153 157 147 140 139 121 134 126 146 173 150 189 206 198 187 209 247 306 341 327 345 341 278 246 175 122 50 100 63 63 59 50 -45 79 53 37 30 38 -12 7 17 11 104 110 116 108 154 101 95
98 137 150 118 0 17 -7 49 33 30 63 -20 15 -14 27 26 28 69 54 76 61 38 44 28 37 35 51 50 58 14 16 63 79 101 97 97 76 68 80 75 77 82 114 144 144 164 151 128 112 136 143 152 158 169 180 187 183 214 215 213 277 266 288 285 312 243 183 170 157 90 85 43 52 50 67 23 63 92 83 60 53 72 23 11 88 15 30 138 143 141 153 153 118
107 103 136 97 104 62 -7 29 50 -3 20 14 23 33 31 38 86 21 29 36 34 26 35 37 32 38 44 82 63 63 77 49 96 54 93 113 117 101 89 73 76 61 60 122 118 140 124 91 122 152 154 155 200 204 197 189 202 215 217 248 226 245 278 232 222 196 166 143 121 106 64 37 33 34 58 75 88 79 95 75 98 114 118 96 95 58 48 175 172 120 127 156 100
