TestApplication/TestData/ClipGridByPolygon/AHN-10.asc
ncols        890
nrows        884
xllcorner    156897.109406951810
yllcorner    539402.735173825170
cellsize     50.000000000000
NODATA_value -2147483647
[rows 574 to 614 of 884, columns 279 to 371 of 890]
-29 -74 -89 -101 -98 -131 -99 -95 -102 -108 -108 -117 -107 -115 -91 -72 -94 -82 -75 -108 -97 -110 -98 -114 -128 -130 -135 -123 -203 -130 -125 -23 -32 5 -63 -6 -144 -124 -116 -121 -131 -130 -170 -160 -144 -129 -139 -142 -125 -134 -143 -142 -129 -137 -148 -133 -130 -140 -137 -132 -150 -135 -75 -110 -117 -109 -119 -112 -190 -123 -120 -117 -118 -117 -105 -115 -131 -96 -113 -95 -96 -98 -89 -92 -78 16 -60 -55 -77 -77 -87 -98 -121
-66 -52 -82 -74 -81 -95 -103 -105 -104 -103 -106 -102 -105 -114 -87 -99 -94 -93 -80 -124 -87 -89 -137 -96 -119 -123 -120 -123 -117 -120 -125 7 11 2 -62 12 -168 -222 -141 -137 -130 -132 -145 -153 -207 -140 -122 -136 -139 -124 -137 -141 -132 -149 -164 -146 -131 -158 -174 -130 -158 -120 -74 -123 -116 -111 -92 -108 -114 -111 -124 -109 -109 -125 -105 -104 -100 -110 -109 -82 -99 -101 -99 -113 -88 -82 -51 -58 -93 -84 -79 -77 -80
-44 -66 -63 -85 -77 -93 -104 -69 -103 -108 -104 -110 -104 -98 -105 -93 -152 -116 -93 -83 -99 -102 -122 -106 -119 -123 -125 -121 -130 -119 -133 -126 -19 -6 -5 -119 -162 -130 -141 -151 -163 -143 -139 -138 -144 -136 -129 -120 -215 -135 -126 -131 -139 -129 -146 -135 -198 -134 -148 -133 -131 -137 -123 -118 -111 -110 -105 -118 -110 -114 -118 -106 -107 -100 -103 -133 -95 -126 -90 -189 -97 -101 -85 -81 -89 -83 -10 -55 -71 -74 -90 -106 -105
-50 -66 -34 -61 -79 -83 -89 -108 -90 -110 -102 -98 -105 -97 -94 -141 -43 -93 -119 -74 -94 -106 -101 -103 -118 -127 -124 -142 -129 -121 -127 -133 10 -28 -114 -84 -65 -136 -127 -131 -148 -133 -145 -121 -116 -131 -135 -131 -133 -139 -210 -137 -133 -123 -135 -140 -152 -129 -126 -133 -137 -128 -113 -121 -112 -111 -114 -110 -113 -98 -110 -99 -121 -101 -99 -104 -101 -120 -98 -80 -102 -93 -93 -85 -103 -80 61 -52 11 -93 -92 -86 -81
-50 -41 -4 -60 -88 -90 -93 -80 -98 -93 -93 -104 -98 -98 -96 -97 -103 -61 -98 -97 -102 -94 -120 -95 -105 -119 -127 -124 -138 -118 -142 -126 3 -41 19 0 -94 -130 -128 -131 -144 -128 -138 -136 -138 -127 -129 -126 -123 -145 -132 -114 -138 -118 -134 -145 -134 -143 -140 -165 -137 -129 -117 -67 -103 -119 -101 -103 -98 -100 -107 -101 -110 -106 -105 -101 -106 -111 -97 -101 -95 -100 -114 -101 -100 -83 -74 -53 -52 -78 -72 -81 -98
-51 11 -47 -90 -98 -91 -96 -88 -82 -93 -97 -102 -94 -94 -96 -143 3 -19 -45 -1 -4 -152 -101 -144 -118 -42 -71 -195 -128 -134 1 14 20 -4 -54 15 -147 -162 -152 -126 -123 -133 -129 -141 -130 -127 -210 -126 -122 -134 -141 -126 -142 -132 -135 -155 -128 -106 -125 -119 -127 -130 -119 -133 -112 -89 -94 -105 -94 -114 -111 -100 -111 -107 -105 -181 -103 -197 -92 -96 -95 -100 -99 -90 -96 -82 -168 1 -50 -68 -199 -74 -77
34 54 32 24 47 15 25 -93 -78 -101 0 -29 -69 -77 -87 -73 -82 -73 -14 -92 -70 -91 -80 -116 -116 -121 -124 -109 -195 -128 -12 -187 -111 -83 12 12 -111 -138 -125 -130 -134 -129 -131 -129 -149 -128 -118 -120 -120 -123 -212 -134 -131 -124 -135 -135 -124 -120 -125 -135 -129 -108 -36 -36 -118 -37 -90 -93 -94 -99 -105 -101 -98 -118 -123 -123 -118 -91 -103 -93 -95 -162 -102 -92 -104 -92 -82 -51 -53 -44 -67 -84 -73
29 -51 26 28 -70 -144 -78 -85 -77 -72 -47 -87 -82 -56 -86 -77 -80 -85 -54 -43 -98 -88 -91 -92 -121 -141 -129 -130 -123 -138 -106 -123 -98 -83 -39 14 -18 -106 -125 -121 -119 -141 -123 -137 -135 -124 -142 -124 -121 -127 -131 -120 -119 -121 -132 -118 -128 -153 -113 -126 -112 -197 -125 -118 -62 -28 -91 -111 -154 -122 -119 -116 -87 -98 -104 -99 -111 -189 -91 -94 -95 -96 -104 -197 -105 -89 -84 -59 -54 -1 -73 -67 -67
-63 -14 13 19 52 -62 -69 -78 -85 -77 -70 -88 -83 -54 -79 -83 -85 -87 -92 -88 -64 -98 -81 -131 -101 -120 -120 -131 -127 -134 -127 -101 -132 -81 -39 2 -102 -121 -122 -118 -134 -116 -109 -211 -141 -128 -125 -147 -134 -122 -132 -130 -125 -116 -115 -128 -127 -114 -117 -115 -106 -219 -119 -118 -96 -102 -88 -90 -109 -115 -92 -90 -148 -103 -112 -111 -106 -97 -90 -102 -111 -95 -90 -100 -98 -104 -83 -103 -51 -58 -52 -58 -50
-94 -62 -37 -55 -40 -46 -39 -71 -78 -79 -77 -73 -69 -126 -50 -70 -88 -88 -67 -71 -77 -73 -82 -93 -93 -128 -129 -197 -128 -133 -127 -100 -105 -82 -59 -10 -94 -117 -122 -166 -129 -123 -116 -121 -144 -137 -127 -139 -157 -122 -120 -107 -114 -116 -109 -119 -124 -109 -131 -115 -130 -128 -127 -122 -179 -118 -102 -105 -119 -110 -94 -126 -96 -105 -131 -102 -109 -138 -107 -87 -97 -105 -94 -95 -90 -98 -78 -78 -58 -57 -50 -22 -61
-112 -69 -51 -66 -62 -130 -64 -48 -70 -87 -65 -72 -77 -66 -31 -39 -73 -96 -70 -56 -64 -76 -61 -74 -65 -99 -105 -115 -139 -135 -131 -115 -99 -98 -59 9 -121 -128 -126 -138 -150 -142 -134 -86 -117 -151 -126 -117 -140 -120 -124 -115 -105 -159 -107 -140 -124 -135 -125 -119 -121 -143 -137 -104 -102 -64 -110 -123 -115 -107 -95 -97 -96 -111 -116 -108 -101 -107 -102 -90 -92 -92 -83 -83 -86 -82 -84 -79 23 -60 56 -78 -99
-99 -73 -47 -47 -62 -73 -53 -69 -59 -62 -73 -19 -55 -43 -39 -56 -70 -69 -37 -60 -68 -74 -88 -87 -74 -88 -88 -121 -135 -144 -138 -112 -125 -99 -47 29 -148 -217 -118 -132 -126 -131 -211 -112 -106 -137 -124 -135 -116 -123 -124 -213 -126 -109 -121 -128 -125 -131 -127 -119 -120 -117 -105 -112 -208 -108 -110 -114 -105 -96 -109 -90 -102 -96 -110 -110 -123 -109 -113 -91 -86 -88 -86 -86 -85 -91 -86 -78 -170 -51 -55 -89 -93
-103 -79 -38 -4 -17 -36 -27 -27 -32 -134 -20 -14 -44 -25 -15 -13 -47 -66 -60 -67 -83 -83 -86 -117 -88 -92 -98 -111 -118 -127 -137 -127 -129 -145 16 -55 -79 -120 -99 -214 -125 -117 -146 -105 -123 -140 -136 -121 -167 -152 -122 -110 -125 -121 -191 -127 -120 -113 -106 -127 -137 -122 -117 -112 -114 -119 -174 -98 -98 -100 -98 -106 -128 -105 -109 -121 -116 -107 -106 -108 -81 -103 -86 -91 -190 -98 -82 -81 -106 -51 -58 -87 -90
-115 -101 -75 -51 -74 -69 -57 -43 -30 -8 -9 28 1 -4 -8 -32 -67 -73 -56 -75 -79 -78 -75 -78 -58 -61 -95 -99 -103 -122 -206 -119 -138 -124 -23 -65 -104 -110 -131 -128 -128 -124 -113 -85 -129 -142 -167 -148 -145 -158 -128 -122 -116 -119 -104 -127 -113 -160 -138 -124 -116 -116 -119 -119 -129 -129 -148 -99 -130 -119 -102 -114 -100 -101 -98 -113 -116 -114 -98 -91 -140 -78 -91 -90 -93 -85 -83 -92 -101 -51 -59 -85 -94
-209 -102 -79 -62 -88 -85 -78 -76 -66 -67 -50 19 -46 -142 -67 -38 -16 -54 -33 -50 -78 -81 -77 -79 -39 -85 -112 -127 -96 -98 -199 -89 -114 -118 -69 -92 -116 -128 -121 -123 -221 -114 -129 -94 -112 -168 -166 -217 -159 -142 -120 -108 -113 -129 -117 -107 -105 -112 -118 -121 -125 -125 -119 -118 -121 -128 -111 -43 -11 -64 -112 -112 -115 -113 -88 -111 -124 -127 -95 -113 -85 -87 -95 -89 -161 -94 -95 -91 -96 -37 -65 -67 -136
-57 -111 -83 2 4 -81 -93 -63 -82 -88 -87 -72 -63 -83 -84 -78 -73 -47 -58 -16 -62 -68 -58 -66 -70 -83 -95 -112 -156 -101 -123 -122 -120 -124 -48 -1 -95 -120 -127 -133 -123 -116 -118 -94 -213 -135 -141 -154 -150 -218 -140 -113 -113 -107 -111 -111 -109 -209 -123 -119 -131 -124 -121 -132 -125 -124 -119 -198 -12 -101 -127 -110 -97 -95 -187 -95 -96 -102 -107 -109 -114 -90 -91 -116 -97 -160 -54 -85 -40 59 -52 -103 -149
-51 -109 -120 -75 -53 -71 -96 -78 -100 -84 -81 -163 -68 -86 -40 -86 -79 -80 -69 -47 -29 -29 -45 -55 -135 -94 -89 -123 -106 -91 -100 -133 -133 -109 0 33 -93 -102 -110 -141 -143 -133 -130 -77 -73 -130 -213 -136 -123 -117 -124 -108 -114 -140 -136 -125 -119 -113 -106 -116 -124 -127 -125 -191 -120 -114 -105 -172 -107 -101 -109 -114 -101 -96 -106 -112 -110 -120 -107 -90 -80 -57 -106 -89 -98 -90 -85 -93 -96 24 -52 -97 -133
-53 -118 -129 -108 -58 -78 -179 -74 -81 -83 -95 -87 -84 -77 -83 -73 -109 -81 -71 -69 -60 -24 -42 -31 -51 -74 -94 -110 -109 -88 -113 -93 -117 -62 -26 35 -70 -119 -136 -140 -140 -125 -128 -115 -51 -104 -132 -128 -136 -152 -221 -123 -123 -126 -130 -119 -137 -118 -115 -188 -120 -118 -120 -115 -114 -120 -117 -99 -101 -102 -96 -108 -176 -109 -103 -109 -108 -151 -51 -122 -100 -86 -89 -95 -83 -93 -89 -104 -89 -5 -54 -87 -111
-4 -29 -117 -115 -39 -7 -67 -90 -83 -103 -86 -87 -79 -95 -78 -79 -80 -84 -70 -70 -75 -66 -71 -81 -37 -43 -65 -73 -86 -80 -187 -108 -88 -52 -114 10 -100 -121 -102 -114 -119 -96 -100 -82 -69 -116 -115 -119 -119 -129 -140 -132 -120 -109 -116 -140 -125 -118 -127 -118 -112 -118 -120 -121 -114 -137 -114 -103 -153 -110 -109 -113 -136 -48 -121 -94 -87 -96 -99 -98 -97 -124 -92 -89 -89 -116 -110 -99 -180 -68 -63 -42 -204
-40 -35 -17 -110 -95 -60 -72 -67 -79 -72 -79 -68 -90 -98 -79 -74 -80 -73 -67 -61 -41 -154 -77 -81 -70 -16 -26 -47 -57 -21 -71 -120 -83 -97 -96 24 -83 -118 -106 -111 -118 -89 -109 -102 -74 -95 -117 -118 -123 -110 -128 -142 -115 -139 -143 -141 -126 -148 -102 -95 -94 -89 -124 -113 -116 -115 -108 -91 -37 -141 -90 -90 -93 -97 -103 -97 -104 -87 -110 -101 -127 -98 -96 -102 -91 -97 -99 -70 -46 -10 -51 -48 -158
-57 -96 -123 -121 -115 -57 -63 -81 -70 -90 -68 -85 -81 -91 -92 -31 -64 -72 -83 -63 -54 -70 -68 -62 -46 -37 -22 -31 -62 -35 -73 -81 -42 -49 -59 -35 -30 4 -104 -152 -120 -89 -98 -110 -55 -98 -78 -151 -116 -113 -133 -123 -100 -101 -98 -67 -49 -96 -89 -116 -102 -120 -116 -84 -163 -87 -102 -91 -99 -97 -87 -99 -87 -91 -95 -86 -89 -91 -106 -95 -91 -196 -91 -87 -104 -95 -90 -81 -57 -25 -53 32 -19
8 -66 -125 -184 -128 1 -11 -73 -65 -77 -67 -69 -157 -72 -66 -24 -76 -73 -78 -82 -70 -79 -60 -57 -67 -79 -82 -39 -20 -30 -59 -69 -70 -50 -23 -47 -61 -77 -89 -101 -91 -78 -73 -70 -12 -122 -110 -113 -95 -104 -117 -112 -98 -94 -79 -112 -70 -97 -69 -136 -84 -91 -83 -99 -95 -87 -86 -87 -94 -70 -97 -87 -103 -92 -81 -89 -89 -81 -84 -106 -92 -100 -88 -86 -192 -89 -96 -97 -83 -67 -51 -20 -103
-132 -51 -68 -118 -121 -94 -28 -74 -68 -66 -69 -68 -61 -83 -70 -71 -78 -80 -82 -84 -70 -63 -63 -69 -48 -54 -46 -65 -46 -55 -63 -77 -82 -80 -30 -20 53 -34 -93 -96 -59 -83 -65 -46 -3 -95 -122 -95 -88 -187 -73 -75 -94 -85 -78 -73 -68 -57 -99 -114 -98 -94 -88 -79 -87 -164 -86 -78 -84 -83 -79 -92 -97 -83 -94 -70 -80 -81 -77 -80 -83 -91 -102 -89 -91 -94 -96 -90 -63 -78 -51 -55 -83
-123 -23 -126 -121 -116 -102 -51 -62 -66 -63 -72 -69 -71 -66 -82 -69 -79 -64 -55 -54 -72 -61 -73 -80 -199 -61 -70 -67 -81 -80 -69 -86 -103 -113 -85 -99 65 -64 -106 -53 -41 -51 -73 -75 -43 -19 -78 -92 -72 -85 -72 -74 -100 -95 -74 -98 -87 -45 -152 -104 -107 -104 -102 -76 -95 -102 -73 -71 -73 -143 -79 -84 -82 -88 -83 -92 -77 -100 -87 -86 -86 -104 -106 -95 -120 -85 -91 -109 -119 -72 -51 -54 -86
-109 -56 -112 -145 -112 -109 -6 -36 -76 -61 -68 -59 -76 -74 -61 -61 -59 -52 -75 -83 -81 -69 -67 -78 -101 -84 -82 -84 -81 -92 -79 -98 -106 -115 -78 -11 58 -18 -30 -26 -101 -55 -41 -69 -54 -10 -45 -115 -50 -87 -95 -84 -78 -96 -72 -93 -57 -47 -62 -99 -86 -94 -62 -95 -82 -82 -63 -79 -87 -82 -48 -89 -93 -92 -77 -52 -65 -93 -92 -94 -99 -108 -87 -97 -90 -96 -111 -87 -77 -124 -51 -60 -70
-30 -41 -89 -137 -115 -112 -54 10 -51 -54 -63 -68 -46 -59 -61 -67 -75 -111 -83 -82 -89 -74 -70 -82 -94 -85 -104 -80 -70 -87 -85 -106 -118 -128 -98 -19 34 85 -25 -21 -42 65 12 -36 -66 -21 -29 -95 -49 -79 -65 -77 -66 -82 -61 -93 -66 -30 -71 -78 -98 -87 -82 -86 -92 -81 -69 -76 -75 -76 -82 -78 -88 -91 -82 -49 -59 -93 -106 -99 -84 -89 -98 -107 -110 -85 -86 -100 -75 -34 -58 -63 -8
-45 13 99 9 -111 -110 15 -45 -62 -29 -41 -47 -68 -96 -82 -84 -83 -74 -81 -87 -79 -83 -75 -81 -110 -195 -85 -91 -114 -91 -88 -97 -104 -103 -110 6 15 -112 11 -13 -44 -43 -58 -43 17 18 -29 -42 -51 -57 -47 -54 -69 -72 -60 -65 -46 -40 -61 -87 -88 -83 -72 -81 -146 -80 -73 -87 -85 -84 -81 -77 -78 -64 -64 -76 -130 -89 -121 -86 -69 -103 -190 -127 -102 -101 -104 -96 -90 -49 -52 -54 -61
0 -28 -60 -60 -57 -55 -54 -51 -51 -32 -49 -50 -81 -192 -82 -82 -81 -81 -107 -91 -90 -81 -92 -85 -94 -88 -91 -89 -93 -90 -86 -98 -158 -93 -40 -10 -147 38 -99 -70 -86 -80 -59 -47 10 -131 -139 -28 -5 12 -14 -38 -27 -55 -42 -59 -58 -46 -54 -84 -80 -84 -83 -67 -77 -80 -75 -85 -80 -82 -75 -82 -57 -134 -28 -74 -65 -74 -84 -83 -65 -86 -98 -88 -90 -88 -100 -93 -94 -79 -51 -52 -56
-18 70 66 11 -86 -104 5 -57 -15 -48 -49 -59 -69 -97 -76 -87 -84 -91 -84 -88 -82 -120 -92 -92 -114 -79 -82 -148 -74 -86 -77 -80 -87 -82 -53 -38 -28 -12 -81 -67 -54 -57 -70 -66 29 -20 -56 -33 -32 -20 -10 -36 -50 -83 -54 -29 -42 -54 -86 -99 -84 -86 -81 -87 -79 -71 -139 -67 -68 -72 -70 648 364 -27 19 -62 -39 -57 -83 -82 -50 -82 -75 -60 -86 -83 -86 -93 -92 -125 -51 -53 -50
-51 -19 -86 -15 -117 -5 -57 -58 -58 -70 -60 -51 -50 -29 -37 -70 -60 -76 -74 -76 -69 -78 -98 -93 -75 -89 -85 -85 -82 -78 -97 -88 -84 -95 -148 -7 -34 -111 -158 -90 -80 125 -105 -102 -23 -2 -46 -62 -55 -69 -44 -39 -21 -24 -27 -23 -29 -40 -40 -77 -55 -72 -61 -76 -76 -73 -66 -69 -66 -67 170 521 468 123 20 -14 7 -11 -56 -64 -50 -60 -50 -62 -31 -82 -81 -75 -80 -40 -25 -58 -50
-145 -73 -1 -51 -51 -58 -64 -73 -62 -60 20 -11 12 -16 -51 -63 -52 -56 -56 -54 -57 -51 -51 -71 -84 -86 -89 -89 -115 -71 -93 -87 -83 -94 -149 -149 -133 31 -84 -47 -35 55 -72 -89 -67 -48 -51 -42 3 -13 -30 -30 -34 -51 -56 -52 -49 -54 -54 -51 -51 -51 -51 -51 -58 -55 -54 -56 -58 -71 -58 -64 -59 -61 -58 -58 -48 -63 -26 -55 -60 -62 -65 -50 -57 -46 -47 -60 -56 -49 -62 -60 30
-57 -55 -1 -78 -129 -94 -51 -84 -55 -73 -32 -51 -83 -81 -81 -87 -9 -66 -63 6 -9 -15 -14 -45 -93 -89 -91 -83 -127 -151 -87 -76 -80 -100 -85 -87 9 -25 63 -79 -52 -36 -76 15 -49 -54 -59 -52 -51 -56 -2 2 5 -6 -32 -59 -70 -54 -56 -58 -58 -58 -46 -89 -77 -76 -82 -69 -102 -83 -90 -86 -81 -79 -67 -64 -55 -55 -77 -89 -65 -62 -85 -88 -58 -60 -40 -48 -42 -47 -51 -56 267
-71 -98 -90 -79 -102 -104 -51 -76 -92 -115 -103 -100 -92 -90 -87 -93 -107 -80 -49 -57 -56 9 21 -29 -48 -102 -94 -85 -92 -83 -75 -75 -31 -6 -6 -32 -59 -56 -50 -52 -51 -55 -28 -26 -35 -79 -78 -28 -45 -62 -77 -71 -75 -62 -35 -64 -77 -71 -60 -63 -59 -25 -61 -91 -75 -86 -74 -86 -101 -88 -77 -90 -78 -94 -80 -73 -81 -91 -92 -99 -85 -62 -91 -87 10 -72 -43 -47 -40 -39 -51 -58 218
-103 -106 -82 -86 -71 -100 -51 -77 -90 -114 -112 -162 -108 -97 -98 -97 -95 -86 -105 -99 -66 -51 -55 -60 -51 -51 -51 -51 -53 -52 -46 -47 -57 -20 9 -42 -60 390 -744 3 -93 -95 -102 -97 -85 -87 -65 -19 -62 -86 -86 -91 -94 -63 -77 -46 -41 -67 -31 -62 -78 -72 -78 -95 -56 -76 -96 -79 -84 -68 -90 -88 -93 -75 -80 -41 -75 -78 -80 -83 -68 -87 -93 -82 -86 -71 -49 -39 -43 -37 -35 -51 137
-76 -46 -92 -86 -92 -108 -46 -76 -82 -105 -107 -115 -108 -95 -110 -97 -107 -95 -102 -101 -69 -94 -106 -78 -62 -32 -60 -81 -76 -73 -81 -75 -79 -80 -80 -85 -90 46 -590 -46 307 -64 -88 -88 -91 -94 -73 -64 -63 -69 -80 -89 -80 -47 -57 -43 -32 -45 -24 -23 -12 -5 -92 -46 -75 -84 -80 -64 -80 -81 -63 -57 -74 -75 -78 -55 -24 -69 -68 -77 -58 -91 -87 -82 -85 -71 -54 -47 -40 -47 -49 -53 86
-97 -89 -87 -96 -93 -94 -37 -2 -100 -110 -105 -113 -109 -107 -104 -106 -102 -82 -92 -93 -94 -96 -115 -69 -73 -87 -147 -145 -93 -93 -91 -83 -82 -77 -80 -78 -80 149 -251 -93 -96 -96 -100 -97 -101 -100 -100 -97 -98 -130 -83 -90 -84 -144 -75 -82 -76 -64 -46 -29 -24 -88 -62 -32 -26 -59 -58 -53 -58 -25 -22 -54 -55 -74 -78 -79 -90 -56 -56 -67 -74 -94 -92 -85 -89 2 -43 -48 -46 -40 -54 -54 58
-83 -80 -92 -138 -107 -102 -103 -65 -107 -119 -129 -120 -120 -103 -100 -101 -103 -85 -104 -101 -91 -82 -108 -86 -86 -95 -92 -90 -95 -86 -89 -72 -85 -93 -89 -90 -87 42 -24 -89 -97 -94 -96 -90 -86 -85 -89 -98 -88 -87 -88 -97 -91 -102 -92 -88 -103 -94 -73 -76 -106 -104 -70 -15 -39 -42 -18 -21 -15 -51 -56 -62 -39 -38 -40 -46 -60 -57 -46 -47 -45 -88 -95 -86 -96 -85 -39 -49 -44 -47 -55 -51 -58
-86 -136 -92 -92 -102 -110 -114 -68 -84 -99 -106 -125 -104 -105 -79 -139 -100 -89 -108 -119 -110 -98 -94 -100 -77 -86 -91 -100 -88 -94 -96 -95 -95 -96 -95 -89 -97 64 40 -110 -89 -97 -96 -91 -99 -95 -84 -98 -96 -91 -93 -87 -83 -91 -91 -99 -98 -102 -88 -100 -105 -92 -88 -40 -82 -25 -12 12 18 57 -60 -54 -27 -37 -31 -17 -34 -48 -41 30 -42 -61 -85 -84 -91 -95 -45 -3 -26 -9 -55 -48 -49
-88 -80 -91 -94 -94 -102 -109 -66 -78 -106 -114 -125 -87 5 -76 -160 -81 -78 -85 -87 -96 -99 -95 -107 -88 -95 -98 -104 -96 -97 -92 -88 -88 -83 -87 -79 -93 -96 36 5 -5 -109 -85 -94 -86 -79 -81 -79 -80 -108 -91 -89 -82 -83 -87 -83 -83 -92 -108 -109 -88 -73 -48 -57 -72 -34 -93 -62 -67 -59 -64 -135 -69 -78 -69 -78 -75 -67 -61 96 33 -55 -56 -87 -81 -88 -4 -18 2 4 -51 -48 -51
-93 -94 -94 -86 -104 -120 -111 -40 -10 -101 -113 -90 -28 -63 -103 -97 -106 -89 -130 -76 -64 -99 -108 -92 -89 -95 -87 -88 -83 -93 -208 -89 -81 -80 -78 -84 -78 -69 -91 -62 -64 -93 -100 -111 -101 -107 -104 -108 -106 -197 -113 -115 -110 -115 -131 -159 -200 -104 -96 -99 -93 -190 -197 -76 -85 -84 -101 -107 -104 -72 -62 -59 -46 -68 -69 -65 -61 -55 -45 -23 -46 -68 -48 -51 -8 -37 -9 -37 -28 -8 -51 -58 -59
-94 -100 -103 -102 -102 -107 -110 -87 -58 -6 -118 -118 -112 -106 -109 -110 -96 -76 -81 -92 -103 -104 -108 -79 -89 -114 -102 -97 -100 -114 -105 -77 -88 -87 -87 -96 -104 -112 10 -112 -103 -109 -104 -93 -98 -92 -93 -100 -100 -120 -111 -126 -118 -112 -124 -179 -115 -112 -113 -102 -109 -105 -110 -119 -120 -113 -115 -106 -90 -78 -77 -61 -65 -55 -62 -56 -62 -42 -31 -13 -20 -34 -24 -35 -21 -17 -49 -53 -52 -51 -51 -54 -59
