TestApplication/TestData/ClipGridByPolygon/AHN-10.asc
ncols        890
nrows        884
xllcorner    156897.109406951810
yllcorner    539402.735173825170
cellsize     50.000000000000
NODATA_value -2147483647
[rows 492 to 532 of 884, columns 279 to 371 of 890]
-65 -106 -86 -84 -119 -79 -3 -50 -54 -60 -23 -23 -77 -72 -77 -78 -81 -79 -78 -117 -90 -84 -43 -86 -85 -97 -104 -110 -94 -135 -133 -26 -5 -57 -23 -19 -63 -53 -35 -56 -47 75 45 37 7 34 14 -26 2 -10 -8 -8 -115 -34 -48 -21 -4 -22 -1 52 89 47 76 73 -28 -51 24 70 38 -51 -11 606 605 -98 -122 -154 -113 -105 -101 -136 -71 169 -132 17 60 3 27 27 27 -87 -86 -147 -51
-106 -71 -78 -97 -94 -70 -47 -51 -60 -16 -53 -98 -70 -79 -71 -84 -72 -84 -83 -106 -99 -90 -36 -121 -105 -103 -95 -96 -94 -90 -85 -134 -73 -44 -18 -12 -48 -46 -23 -25 -60 28 -55 -43 32 26 -28 -83 -124 -29 2 -1 -40 -33 -57 -29 -14 -28 -3 25 -52 -51 -51 -51 73 27 26 71 55 72 -51 265 624 -93 -170 -121 -124 -110 -104 -113 -170 125 29 -38 17 27 27 27 27 -93 -142 -51 -54
-114 -99 -50 -66 -89 -113 -51 -51 -18 -48 -160 -109 -91 -77 -82 -85 -75 -74 -164 -91 -83 -88 -87 -95 -104 -107 -88 -91 -89 -98 -93 -84 -89 -95 -68 -71 -23 -19 -13 -47 -73 37 -75 -114 0 23 -25 -9 -20 -11 4 11 7 -28 -23 -27 -16 -32 5 35 2 69 66 33 62 62 53 68 -51 27 6 -51 609 612 -75 -95 -101 -102 -104 -161 -160 -151 241 11 -25 27 27 27 -91 -138 -77 0 -97
-175 -175 -118 -113 -138 19 -48 -57 -4 -80 -82 -86 -96 -99 -79 -83 -85 -130 -79 -102 -92 -98 -103 -95 -88 -78 -91 -93 -107 -95 -97 -96 -88 -59 -95 -91 -129 -87 -76 -43 -99 37 -82 -51 2 -3 -23 -21 5 -1 -6 19 22 -55 -24 -20 -25 -52 -4 24 65 58 44 78 0 67 73 17 72 -5 64 -52 137 625 -102 -100 -92 -104 -170 -158 -165 -162 178 -55 -132 -20 -107 -106 -91 -89 13 -100 -92
-64 -90 -92 -89 -89 -9 -46 -59 -41 -101 -94 -103 -110 -82 -84 -80 -107 -91 -88 -87 -93 -96 -99 -102 -97 -88 -95 -114 -86 -96 -94 -97 -100 -97 -96 -93 -100 -94 -89 -84 -125 9 -68 -51 -43 0 -51 0 6 0 -13 -28 3 22 -17 -26 -8 -31 14 39 -2 78 -7 63 -51 -51 28 -23 44 -19 58 21 -47 237 -80 -84 -113 -86 -170 -170 -161 -162 -101 329 6 -97 -95 -91 -93 -1 -106 -99 -86
-76 -58 11 -175 -73 -53 -50 -52 -93 -162 -91 -90 -94 -89 -87 -83 -81 -91 -91 -93 -90 -98 -94 -95 -90 -168 -97 -92 -95 -92 -105 -100 -108 -155 -91 -92 -110 -129 -82 -99 -89 -90 -102 -83 -77 -77 -69 8 -51 -51 -5 -51 -51 -22 -2 -23 -7 -21 28 16 -51 27 -18 65 66 3 59 -51 57 -10 67 5 -43 -14 -75 -80 -87 -114 -96 -100 -170 -91 -157 297 -76 183 -91 17 -51 -122 -170 -22 -54
-82 -62 -5 6 -31 -48 -50 -22 -161 -81 -87 -105 -99 -91 -78 -73 -91 -89 -77 -87 -91 -95 -91 -97 -92 -99 -101 -102 -90 -110 -108 -157 -95 -102 -106 -97 -112 -100 -149 -85 -91 -167 -96 -104 -80 -94 -99 -76 -102 -98 -101 -160 -81 10 -18 -60 -51 -51 -51 -51 -51 -71 -39 54 71 -8 61 7 51 -5 38 26 -30 -47 -47 -99 -86 -88 -93 -107 -104 -88 -103 46 -107 -66 141 -17 -128 -51 -51 11 -51
-113 -164 6 -51 -51 -55 -27 -59 -77 -90 -91 -91 -92 -83 -79 -69 -83 -93 -87 -74 -85 -89 -100 -99 -94 -92 -90 -89 -88 -103 -101 -100 -87 -112 -93 -166 -89 -91 -93 -115 -89 -98 -103 -102 -100 -81 -75 -85 -81 -92 -92 -100 -78 -95 -92 -101 -90 -151 -71 -68 -111 -51 -33 -51 -51 -51 37 17 54 -41 41 18 -47 -44 -43 -48 -45 -98 -109 -163 -106 -82 -90 -72 310 -37 -6 -176 -109 14 -51 26 19
-35 -137 -36 -51 -51 -24 -90 -59 -68 -78 -91 -85 -129 -80 -92 -85 -92 -85 -91 -94 -106 -90 -111 -92 -85 -162 -86 -87 -91 -87 -89 -89 -109 -121 -98 -106 -81 -95 -92 -84 -76 -87 -92 -91 -96 -100 -83 -79 -99 -88 -94 -97 -97 -83 -98 -100 -87 -87 -81 -83 -90 -101 -167 -118 -93 -87 2 -37 21 -44 -51 -51 -37 -42 -46 -46 -52 -56 -112 -95 -119 -95 -111 -88 322 17 -84 194 -163 -101 -24 43 36
-28 14 -29 -54 -51 -68 -54 -5 -55 -56 -65 -73 -89 -93 -98 -95 -92 -84 -73 -169 -82 -97 -95 -85 -91 -91 -93 -94 -86 -91 -89 -135 -90 -89 -104 -81 -104 -104 -118 -60 -133 -89 -101 -104 -180 -124 -97 -98 -108 -77 -83 -100 -86 -82 -84 -74 -88 -106 -95 -81 -56 -114 -78 -79 -90 -73 -96 -79 -77 -70 -71 -14 -16 -55 -44 -45 -48 -50 -51 -111 -76 -25 -80 -61 165 -172 -98 -81 90 -40 -29 -112 6
7 13 -52 -56 -26 -2 -42 0 -34 -64 -65 -81 -70 -152 -72 -91 -79 -81 -72 -85 -76 -81 -123 -96 -89 -89 -86 -92 -158 -80 -72 -92 -91 -88 -91 -172 -147 -98 -112 -91 -19 -97 -112 -92 -104 -94 -92 -162 -104 -79 -120 -111 -162 0 -86 -92 -93 -110 -113 -91 -104 -101 -98 -84 -78 -86 -91 -82 -82 -75 -87 -28 7 -51 -48 -45 -46 -46 -52 -51 -33 -48 -24 5 -27 93 -83 -86 -80 58 -39 -90 -83
10 -61 -51 13 -58 -46 -57 -4 44 3 -78 -60 -84 -79 -79 -79 -90 -81 -84 -87 -85 -87 -167 -104 -86 -87 -91 -88 -88 -85 -88 -99 -137 -93 -104 -119 -148 -105 -104 -94 -73 -95 -97 -108 -119 -96 -102 -81 -58 -95 -87 -101 -91 -36 -97 -113 -92 -84 -77 -81 -86 -104 -99 -85 -75 -81 -93 -106 -113 -66 -21 -47 -39 -50 -49 -43 -41 -44 -44 -51 -42 -51 -28 -85 -179 319 -86 -82 -88 -16 -88 -83 -137
-54 -47 -3 -13 -53 -64 -58 -67 -52 -9 -85 -50 -89 -87 -76 -97 -80 -108 -86 -85 -89 -90 -79 -76 -78 -86 -138 -85 -101 -82 -90 -83 -84 -114 -105 -103 -87 -96 -88 -90 6 -116 -93 -93 -115 -95 -105 -104 -92 -83 -38 -64 -91 -80 -84 -98 -113 -98 -103 -88 -77 -105 -98 -94 -94 -56 -38 -42 -59 -59 -58 -30 -51 -47 -51 -46 -51 -40 -51 -41 -51 -67 -84 -96 -87 240 -84 -81 -76 -91 52 -102 -83
41 9 -19 -17 -60 -56 -50 -58 -40 -44 -14 -44 -147 -69 -85 -89 -87 -87 -95 -79 -92 -78 -120 -74 -82 -73 -84 -77 -94 -86 -91 -170 -175 -171 -160 -99 -93 -97 -78 -87 21 -103 -87 -93 -100 -106 -96 -104 -171 -96 -93 -91 -99 -71 -78 -41 -23 -36 3 -78 -76 -99 -110 -55 -17 -52 -55 -56 -51 -51 -56 -46 -51 -54 -50 -50 -53 -32 -24 -51 -56 -73 -91 -101 -80 -178 228 -86 -88 -97 -85 -14 -95
62 -51 35 -8 -6 -56 -60 -31 -34 -20 -31 -75 -84 -68 -77 -84 -92 -62 -67 -87 -66 -82 -112 -69 -69 -78 -57 -59 -173 -98 -121 -99 -99 -102 -92 -105 -113 -146 -121 -94 25 -87 -91 -61 -100 -113 -101 -106 -110 -90 -92 -104 -94 -86 -48 -54 -39 -43 -38 -45 -56 -53 -11 -11 -59 -52 -57 -56 -53 -51 -54 -55 -55 -55 -49 -54 -23 -29 -48 -28 -81 -88 -90 -111 -117 -83 98 -61 -85 -106 -93 -103 -53
38 84 48 7 -21 -48 3 7 -41 -20 -12 -31 -69 -66 -69 -88 -138 -84 -74 -84 -169 -32 -74 -70 -91 -93 -92 -89 -103 -101 -105 -98 -100 -101 -100 -122 -126 -119 -117 -136 38 -80 -110 -94 -95 -83 -89 -85 -110 -80 -88 -81 39 -24 -53 -47 -52 -48 -42 -62 -50 -53 -25 -42 -53 -52 -51 -55 -53 -52 -58 -51 -21 -48 -51 -10 -40 -40 -38 1 -160 -131 -76 -97 -119 -88 -169 139 -93 -99 -84 -96 24
102 39 0 -5 0 -61 -9 -12 -5 1 -56 -34 -25 -113 -65 -164 -33 -171 -85 -70 -77 -76 -83 -70 -77 -78 -91 -106 -94 -120 -98 -104 -97 -90 -111 -101 -110 -102 -113 -112 -35 -91 -88 -173 -87 -96 -85 -98 -169 -95 -127 -93 -81 -23 -23 -47 -51 -51 -51 -48 -47 -57 -42 -51 -51 -51 -51 -63 -55 -50 -53 -52 -28 -51 -7 -48 -18 -46 -42 -50 -53 -64 -78 -88 -92 -102 -77 -93 59 -81 -108 -103 -90
3 57 -23 -17 -8 0 -12 -2 -6 -1 -31 -15 -8 -118 -60 -77 -76 -81 -86 -73 -82 -100 -75 -90 -74 -80 -88 -94 -133 -103 -97 -114 -93 -99 -83 -89 -80 -78 -92 -103 -59 -85 -92 -109 -110 -105 -94 -91 -89 -101 -106 -96 -108 -14 -27 -22 -46 -50 -49 -45 -51 -51 -38 -51 -51 -51 -51 -36 -60 -47 -49 -62 -39 -51 -36 -55 -54 -56 -51 -44 -44 -42 -90 -83 -85 -87 -95 -82 -52 -23 -105 -87 -91
-49 52 -23 1 -28 -15 -49 -8 -55 -8 -4 -48 -1 -15 -21 -31 -66 -83 -84 -68 -67 -74 -106 -81 -87 -98 -87 -73 -80 -79 -36 -113 -98 -83 -87 -83 -111 -95 -99 -147 -57 -78 -82 -91 -110 -90 -101 -16 -11 -155 -102 -87 -93 -90 42 -52 -52 -53 -51 -46 -33 -50 -49 -51 -51 -51 -51 -51 20 -58 -63 -63 -25 -51 -51 -51 -59 -52 -56 -50 -35 -42 -42 -37 -51 -78 -85 -88 -84 43 -95 -94 -90
58 79 0 -39 -48 -38 -46 -16 -21 -47 -27 -45 -47 -21 -27 -37 -85 -144 -72 -73 -81 -74 -84 -21 -95 -93 -64 -78 -51 -91 -84 -82 -82 -98 -95 -84 -78 -71 -103 3 -49 -75 -79 -91 -97 -108 -54 -93 -88 -104 -112 -106 -71 -91 -82 -39 -41 -41 -52 -57 -14 -51 -51 -51 -51 -51 -52 -51 -51 -51 -34 -60 -55 -51 -51 -51 -55 -57 -51 -53 -52 -59 -49 -51 -65 -76 -96 -75 -86 -93 46 -186 -81
107 135 55 -18 -14 -40 -64 -63 -67 3 3 -12 -48 -51 10 -41 -83 -55 -95 -107 -72 -74 -57 -65 -68 -85 -87 -79 -86 -92 -98 -95 -102 -90 -86 -96 -133 -84 -80 3 -93 -106 -76 -88 -80 -98 -101 -123 -95 -116 -104 -103 -98 -91 -93 -101 -43 -28 -46 -21 -49 -51 -51 -51 -51 -51 -51 -51 -51 -52 -51 -50 -47 -51 -51 -51 -51 -51 -52 -53 -54 -54 -51 -49 4 -171 -83 -88 -93 -83 -96 63 -99
12 40 167 18 3 -33 -22 -41 -13 32 8 -55 -60 -52 -74 -82 -64 -75 -79 -81 -86 -97 -91 -98 -85 -110 -111 -80 -89 -113 -103 -107 -114 -88 -90 -105 -96 -96 -79 1 -82 -82 -101 -80 -101 -69 -103 -99 -82 -92 -95 -114 -104 -96 -91 -98 -76 -51 -51 -44 -51 -51 -51 -51 -51 -51 -51 -51 -51 -58 -58 -51 -51 -51 -51 -51 -51 -51 -56 -56 -51 -47 -56 -51 -51 -80 -86 -99 -91 -92 -94 -101 67
-40 83 98 71 -50 -54 -56 -51 -8 8 31 -16 -20 -19 -91 -85 -80 -82 -97 -123 -101 -87 -66 -87 -72 -102 -101 -93 -98 -186 -88 -85 -91 -83 -103 -82 -89 -106 -115 -20 -39 -41 -8 -72 -83 -114 -92 -95 -103 -71 -144 -114 -112 -101 -126 -72 -72 -51 -51 -51 -51 -51 -51 -51 -51 -51 -51 -51 -51 -51 -51 -59 -51 -51 -51 -51 -51 -51 -56 -58 -56 -57 -52 -50 -91 -169 -91 -84 -92 -98 -99 -83 -179
-73 9 96 107 134 148 174 -51 7 -8 -24 5 5 22 -78 -72 -94 -93 -108 -129 -94 -71 -72 -67 -69 -96 -98 -107 -90 -103 -77 -85 -95 -103 -110 -104 -100 -99 -101 -4 -86 -101 -107 -74 -84 -89 -92 -95 -105 -107 -115 -100 -106 -101 -111 -52 -58 -51 -41 -48 -51 -51 -51 -44 -51 -51 -51 -51 -51 -51 -51 -51 -51 -51 -51 -51 -51 -51 -51 -34 -50 -52 -89 -91 -94 -85 -101 -85 -84 -93 -94 -82 -92
-122 35 66 89 100 103 -52 6 -16 -29 -93 -47 -9 -8 128 -55 -39 -89 -103 -105 -92 -79 -63 -90 -117 -98 -117 -91 -102 -111 -110 -174 -105 -115 -104 -111 -97 -95 -94 23 -97 -110 -104 -113 -80 -97 -102 -93 -102 -106 -100 -155 -113 -100 -85 -75 -53 -61 -51 -51 -40 -36 -51 -47 -51 -51 -51 -14 -19 -51 -51 -51 -51 -55 -59 -51 -51 -51 -51 -51 -17 -26 -1 -97 -93 -89 -101 -83 -87 -93 -98 -74 -87
-74 -69 48 76 58 10 -43 3 -33 -49 -13 43 16 -17 115 -105 -100 -117 -87 -96 -110 -103 -104 -97 -109 -115 -88 -107 -109 -117 -95 -187 -96 -108 -104 -113 -89 -49 -75 36 -114 -103 -116 -105 -103 -79 -92 -101 -91 -82 -105 -102 -114 -98 -28 -37 -60 -60 -54 -52 -51 -51 -51 -51 -51 -51 -51 -49 -49 -56 -51 -51 -51 -59 -51 -52 -51 -51 -51 -51 -51 -51 -8 -86 -95 -115 -156 -137 -109 -72 -82 -95 -77
-87 -69 -57 26 2 -11 -24 -21 -2 -16 -12 2 -17 37 23 -73 -77 -72 -80 -2 -54 -115 -119 -110 -119 -104 -115 -103 -114 -105 -86 -97 -93 -124 -99 -102 -92 -86 -183 28 -102 -117 -110 -105 -103 -125 -77 -72 -80 -90 -96 -100 -116 -105 -77 -64 -53 -54 -60 -60 -56 -51 -51 -51 -51 -51 -47 -55 -47 -55 -47 -51 -51 -51 -56 -52 -53 -51 -58 -51 -51 -50 -12 -25 -94 -93 -101 -114 -88 -86 -88 -69 -118
-101 -82 -67 -32 -6 -9 4 -51 26 -31 26 -9 -51 -53 -51 -35 4 -55 -114 -111 -57 -116 -123 -122 -124 -112 -113 -101 -94 -113 -106 -172 -109 -112 -117 -112 -101 -103 -104 -30 -110 -103 -118 -112 -105 -119 -105 -105 -71 -85 -90 -89 -89 -85 -45 -56 -54 -52 -46 -51 -58 -53 -51 -51 -51 -51 -50 -48 -47 -55 4 -51 -51 -51 -51 -59 -52 -57 -51 -51 -51 -51 -28 -89 -99 -98 -109 -128 -85 -97 -102 -97 -92
-77 -96 -96 -81 -50 33 -51 -60 -31 -50 25 -69 -70 -87 -85 -112 -104 -115 -110 -179 -7 -2 -23 -95 -93 -108 -103 -98 -103 -97 -85 -105 -112 -119 -120 -140 -125 -105 -104 -168 -110 -114 -118 -127 -108 -109 -107 -84 -45 -80 -72 -87 -78 -40 -57 -64 -63 -54 -51 -55 -52 -54 -51 -51 -47 -40 -53 -48 -49 -55 -49 -51 -51 -51 -51 -51 -59 -51 -60 -51 -58 -51 -85 -111 -105 -107 -105 -108 -153 -107 -109 -105 -106
-81 -108 -85 -77 -166 -10 -47 -85 -71 -85 -68 -100 -103 -95 -87 -92 -106 -114 -113 -114 -155 -117 -55 -70 13 -36 -93 -97 -102 -112 -87 -107 -97 -101 -108 -107 -119 -114 -108 -112 -98 -108 -112 -113 -116 -128 -180 -98 -32 13 -77 -72 28 -57 -53 -51 -61 -59 -53 -54 -56 -58 -57 -54 -23 -43 -59 -55 -48 -48 -51 -51 -51 -51 -51 -51 -51 -60 -52 -59 -59 -51 -86 -114 -109 -113 -107 -109 -72 -86 -98 -98 -88
-144 -82 -106 -80 -159 -58 47 -49 -101 -73 -118 -83 -91 -99 -96 126 -118 -102 -116 -117 -132 -127 -118 -110 -125 8 -26 -98 -113 -100 -91 -93 -109 -97 -101 -117 -127 -112 -130 -129 -128 -117 -120 -110 -105 -123 -103 -110 -99 -33 -35 3 -54 -58 -56 -51 -54 -57 -54 -52 -58 -50 -48 -56 -58 -51 -53 -51 -45 -51 -51 -52 -51 -51 -51 -51 -51 -51 -53 -53 -61 -46 -87 -112 -115 -110 -106 -116 -101 -62 -116 -88 -97
-108 -83 -84 -118 -97 -92 -51 -55 -122 -80 -97 -75 -124 -94 -93 40 -98 -102 -122 -110 -140 -132 -126 -127 -142 -214 -77 -51 -37 -15 -206 -211 -223 -122 -114 -113 -126 -111 -58 -107 -109 -110 -122 -117 -104 -110 -128 -101 -100 -110 -54 -52 -53 -52 -17 -6 -51 -51 -15 -56 -58 -50 -52 -62 -52 11 -57 -57 -51 -51 -51 -51 -51 -51 -51 -51 -51 -51 -51 -53 -53 -51 -99 -97 -106 -120 -127 -100 -74 -101 -113 -102 -101
-108 -88 -117 -89 -87 -92 -55 -67 -83 -95 -93 -81 -96 -87 -167 -174 -86 -98 -103 -115 -116 -112 -135 -117 -122 -124 -123 -89 -34 -38 0 -207 -94 -97 -102 -209 -86 -115 -20 -114 -102 -112 -107 -117 -117 -104 -101 -98 -92 -30 -59 -50 -49 -56 -52 -45 -23 -50 -56 -61 -54 -60 -52 -52 -59 -49 -55 -41 -12 -51 -51 -51 -51 -51 -51 -51 -51 -51 -51 -55 -58 -51 -70 -111 -118 -144 -117 -83 -107 -104 -108 -187 -42
-79 -87 -107 -93 -90 -95 59 -86 -143 -82 -99 -92 -82 -122 -90 -88 -106 -111 -93 -105 -107 -108 -122 -121 -124 -121 -132 -116 -25 -30 -78 -50 -87 -117 -122 -125 -130 -109 -17 -108 -198 -103 -100 -113 -103 -89 -109 26 -49 -55 -61 -60 -50 -53 1 -59 -39 -51 -50 -51 -51 -57 -51 -51 -55 -52 -51 -49 51 -51 -51 -51 -51 -51 -51 -51 -51 -51 -51 -51 -55 -31 -58 -96 -110 -121 -108 -104 -104 -106 -101 -109 -187
-82 -88 -84 -161 -70 -100 -70 -54 -77 -97 -90 -97 -104 -95 -105 -109 -209 -63 -64 -123 -111 -100 -213 -107 -129 -113 -133 -96 -3 -31 -72 -54 -109 -103 -219 -133 -121 -119 21 -11 -3 -108 -108 -102 -91 2 -50 -36 -24 -11 -1 10 -56 -50 -53 -57 -57 -52 -47 -52 -54 -53 -52 -50 -48 -54 -48 -50 -59 -46 -21 -11 -51 -49 -51 -51 -51 -51 -51 -51 -20 -42 -38 -93 -73 -110 -132 -100 -109 -111 -98 -109 -123
-79 -79 -71 -67 -89 -67 -91 5 -73 -92 -93 -96 -113 -99 -116 -99 -146 -104 -117 -120 -117 -115 -205 -113 -109 -115 -114 -132 -10 -12 -91 -120 -132 -158 -143 -144 -137 -133 149 7 -93 -100 -71 -19 -58 -38 -83 -101 -85 -82 -64 -65 -68 -39 -55 -46 -55 -55 -56 -54 -51 -47 -48 -58 -50 -52 -58 -58 -31 -60 -58 -51 -41 -51 -51 -46 -51 -51 -51 -51 -51 -42 -57 -98 -109 -114 -99 -115 -112 -115 -120 -120 -115
-91 -81 -96 -73 -64 9 -18 51 -67 -73 -93 -117 -79 -105 -94 -108 -75 -124 -102 -127 -109 -174 -113 -118 -110 -122 -119 -145 3 9 -59 -103 -126 -121 -116 -123 -118 -106 234 39 -46 -51 -51 -44 -90 -109 -90 -87 -95 -90 -76 -69 -87 -63 -29 -58 -51 -51 -60 -51 -53 -50 -47 -53 -55 -60 11 -52 -56 -56 -51 -47 -54 -51 -42 -53 -51 -51 -51 -51 -51 -3 -74 -108 -101 -95 -113 -119 -115 -119 -142 -117 -111
-86 -96 -73 -77 -20 -137 -84 44 -38 -82 -103 -112 -91 -90 -88 -112 -78 -122 -114 -128 -115 -171 -120 -110 -97 -98 -113 -100 -97 -87 20 -103 -109 -76 -52 -56 -49 -21 256 -88 -103 -94 -94 -87 -96 -105 -85 -106 -91 -96 -93 -105 -103 -107 24 -36 -50 -51 -51 -51 -57 -51 -42 -51 -54 -60 -53 -50 -57 -52 -56 -55 -47 -56 -15 -51 -48 -51 -51 -51 -51 -51 -18 -112 -110 -110 -112 -113 -115 -128 -115 -118 -93
-98 -90 -87 -76 -85 -91 -94 -38 -70 -85 -93 -88 -85 -86 -95 -136 -97 -107 -121 -103 -127 -115 -214 -127 -111 -116 -139 -115 -94 -93 -56 -36 -54 -26 -101 -120 -107 -105 97 -104 -164 -105 -110 -104 -102 -103 -97 -106 -160 -115 -134 -122 -116 -111 -107 0 -32 -51 -43 -57 -60 -56 -51 30 -59 -55 -61 -58 -52 -58 -51 -53 -57 -44 -51 -51 -51 -51 -51 -51 -51 -51 -44 -89 -128 -136 -110 -116 -121 -114 -132 -126 -18
-82 -93 -82 -70 -87 -87 -91 -51 -61 -84 -77 -105 -89 -95 -98 -91 -114 -106 -114 -117 -109 -106 -130 -141 -111 -118 -118 -110 -114 -93 -76 -55 10 -120 -94 -114 -110 -116 -129 -87 -86 -129 -123 -110 -102 -127 -127 -123 -127 -126 -137 -134 -128 -109 -110 -101 -52 -41 -18 6 -51 -57 -55 -57 -51 -55 -59 -54 -58 -49 -58 -55 -47 -49 -45 -51 -51 -51 -51 -51 -51 -51 -51 -105 -112 -104 -115 -119 -109 -125 -122 -101 -6
-83 -72 -88 -56 -115 -80 -87 -51 -72 -84 -117 -78 -81 -88 -104 -93 -64 -110 -114 -103 -106 -116 -127 -217 -216 -110 -130 -111 -105 -129 -86 -55 -18 -89 -93 -107 -100 -89 -41 -127 -132 -133 -137 -137 -125 -131 -132 -118 -129 -144 -129 -118 -100 -98 -105 -121 -98 -26 -38 -3 -29 -47 -47 -48 -7 -43 -50 -52 -60 -57 -53 -52 -52 -50 -43 -51 -45 -51 -51 -51 -51 -51 -10 -99 -108 -108 -116 -171 -119 -119 -125 2 -7
