TestApplication/TestData/ClipGridByPolygon/AHN-10.asc
ncols        890
nrows        884
xllcorner    156897.109406951810
yllcorner    539402.735173825170
cellsize     50.000000000000
NODATA_value -2147483647
[rows 328 to 368 of 884, columns 744 to 836 of 890]
-110 -127 -114 -121 -119 -198 -177 -164 -170 -165 -194 -171 -195 -178 -181 -286 -134 -131 -151 -170 -165 -186 -159 -165 -126 -198 -135 -156 -211 -247 -163 -124 -233 -126 -132 -164 -166 -189 -157 -182 -200 -187 -282 -132 -166 -158 -148 -139 -156 -89 -106 -107 -102 -115 -135 -138 -117 -124 -179 -149 -168 -167 -219 -161 -153 -128 -121 -115 -106 -201 -77 -65 -77 -43 -34 -37 -76 -62 -31 27 50 -2 22 14 36 58 107 60 19 -7 13 -29 187
-102 -101 -98 -110 -160 -162 -151 -176 -169 -169 -174 -179 -191 -216 -176 -157 -121 -120 -147 -177 -188 -201 -179 -182 -113 -229 -112 -123 -151 -136 -129 -152 -164 -133 -274 -187 -172 -273 -156 -200 -192 -184 -201 -137 -146 -129 -131 -98 -131 -123 -138 -107 -130 -135 -130 -93 -96 -151 -199 -148 -194 -167 -186 -167 -170 -131 -125 -126 -111 -89 -85 -91 -68 -69 -53 -61 -82 -63 -45 -95 16 -15 2 22 17 56 110 108 32 20 17 16 123
-104 -94 -99 -114 -137 -153 -179 -277 -164 -170 -167 -173 -189 -197 -177 -144 -157 -116 -147 -163 -161 -217 -183 -281 -111 -230 -125 -129 -174 -146 -150 -158 -169 -119 -168 -153 -171 -185 -173 -195 -282 -192 -205 -162 -147 -122 -100 -125 -135 -118 -134 -140 -136 -104 -141 -129 -96 -117 -282 -152 -177 -156 -159 -161 -172 -155 -135 -132 -120 -99 -101 -93 -77 -59 -77 -64 -101 -70 -49 -44 -9 41 44 27 38 55 84 93 58 56 85 94 114
-55 -95 -102 -94 -92 -196 -162 -149 -176 -178 -177 -211 -175 -194 -186 -157 -176 -117 -145 -166 -166 -280 -185 -211 -121 -188 -140 -130 -182 -154 -157 -153 -159 -121 -179 -131 -158 -164 -156 -236 -196 -200 -208 -172 -141 -128 -130 -153 -143 -132 -134 -123 -131 -139 -129 -130 -142 -139 -169 -165 -178 -161 -156 -150 -157 -178 -215 -136 -149 -102 -129 -93 -95 -70 -74 -73 -78 -79 -84 -164 -35 -21 109 86 113 71 83 35 37 69 99 93 70
-117 -59 -90 -98 -107 -140 -143 -150 -199 -169 -187 -177 -205 -188 -269 -161 -150 -147 -140 -184 -144 -280 -177 -189 -128 -173 -142 -119 -181 -196 -189 -161 -170 -142 -171 -142 -155 -162 -168 -281 -203 -209 -209 -170 -155 -134 -149 -137 -102 -138 -81 -120 -122 -129 -141 -139 -142 -144 -103 -177 -181 -172 -164 -170 -156 -219 -165 -129 -140 -116 -128 -95 -115 -79 -86 -79 -83 -124 -72 -73 -61 -39 -29 46 59 16 34 15 35 71 107 110 74
-86 -155 -93 -89 -91 -142 -134 -181 -167 -174 -171 -178 -191 -188 -191 -199 -198 -286 -129 -169 -121 -148 -170 -176 -147 -153 -129 -103 -186 -187 -163 -154 -144 -150 -155 -134 -171 -167 -180 -213 -222 -217 -210 -145 -113 -148 -124 -139 -121 -133 -109 -115 -138 -141 -141 -142 -138 -118 -139 -185 -170 -184 -175 -220 -171 -207 -160 -135 -130 -127 -115 -97 -68 -90 -87 -127 -97 -79 -67 -87 -67 -53 -52 -5 46 58 -14 78 48 68 63 96 88
-103 -90 -82 -104 -56 -39 -131 -159 -160 -176 -174 -184 -274 -177 -200 -200 -190 -182 -131 -262 -131 -158 -171 -173 -150 -170 -170 -95 -187 -170 -150 -138 -137 -173 -174 -140 -184 -155 -182 -196 -209 -270 -203 -164 -166 -143 -137 -105 -118 -142 -116 -129 -135 -141 -142 -138 -142 -121 -149 -185 -185 -177 -272 -281 -198 -192 -160 -135 -213 -126 -151 -95 -100 -86 -105 -113 -80 -86 -95 -86 -73 -83 -56 -31 -18 74 60 54 29 -25 88 47 75
-93 -116 -98 -91 -36 -67 -147 -145 -168 -176 -173 -166 -182 -195 -169 -186 -208 -196 -140 -191 -131 -156 -145 -153 -136 -162 -163 -98 -242 -176 -163 -137 -128 -167 -157 -150 -185 -166 -188 -176 -221 -218 -198 -169 -169 -149 -135 -109 -129 -125 -135 -137 -141 -137 -137 -139 -142 -115 -136 -181 -164 -168 -209 -181 -205 -188 -167 -157 -155 -146 -124 -104 -117 -68 -117 -102 -83 -89 -105 -80 -95 -96 -47 -70 -22 88 19 46 32 21 15 29 32
-107 -100 -129 -114 -92 -174 -106 -157 -170 -167 -186 -190 -177 -206 -188 -172 -179 -189 -232 -209 -135 -137 -173 -141 -143 -139 -163 -111 -279 -177 -168 -144 -136 -157 -157 -164 -282 -168 -193 -179 -207 -222 -190 -182 -151 -145 -117 -127 -137 -94 -140 -142 -143 -134 -138 -146 -138 -125 -149 -189 -148 -169 -194 -183 -226 -177 -177 -151 -141 -136 -115 -110 -104 -96 -216 -94 -165 -105 -99 -94 -107 -96 -74 -55 -23 -85 25 31 -31 51 37 42 46
-102 -114 -92 -102 -119 -146 -150 -105 -140 -180 -174 -181 -180 -188 -195 -192 -164 -201 -168 -169 -137 -137 -140 -140 -164 -145 -202 -131 -221 -167 -158 -162 -161 -151 -162 -153 -245 -166 -203 -182 -201 -203 -197 -285 -138 -135 -128 -141 -132 -127 -121 -143 -136 -138 -145 -139 -141 -134 -150 -274 -161 -191 -188 -195 -212 -179 -184 -141 -145 -136 -107 -119 -106 -107 -113 -105 -116 -95 -88 -94 -92 -86 -93 -50 -50 -28 7 14 80 12 24 33 84
-103 -114 -112 -97 -135 -153 -114 -143 -43 -58 -180 -162 -173 -184 -197 -204 -203 -201 -191 -235 -120 -56 -122 -117 -167 -137 -236 -127 -198 -154 -156 -155 -162 -271 -160 -155 -166 -203 -204 -184 -197 -201 -210 -216 -173 -156 -144 -142 -127 -129 -135 -134 -140 -136 -141 -138 -134 -89 -131 -137 -164 -196 -179 -197 -198 -177 -215 -162 -158 -137 -129 -135 -100 -174 -103 -128 -104 -81 -92 -102 -91 -93 -83 -58 -160 -19 -115 -26 15 30 56 37 46
-120 -245 -298 -299 -297 -140 -128 -138 -194 -128 -108 -145 -189 -201 -210 -192 -210 -197 -149 -143 -126 -77 -122 -107 -152 -129 -129 -71 -186 -146 -150 -153 -163 -271 -163 -157 -185 -174 -273 -194 -210 -199 -206 -200 -172 -144 -133 -135 -101 -110 -136 -139 -146 -142 -129 -129 -118 -138 -101 -167 -171 -204 -156 -198 -189 -178 -202 -179 -183 -150 -134 -132 -111 -111 -107 -151 -93 -169 -105 -99 -101 -118 -87 -73 -47 -32 -99 -8 -4 12 51 70 59
-140 -162 -160 -153 -298 -199 -168 -156 -167 -167 -157 -113 -78 -168 -228 -151 -190 -274 -120 -182 -196 -146 -139 -173 -129 -139 -115 -146 -169 -163 -140 -152 -236 -103 -164 -174 -186 -177 -215 -208 -208 -195 -197 -184 -175 -149 -153 -135 -119 -136 -134 -145 -144 -129 -129 -138 -108 -141 -153 -145 -188 -188 -158 -192 -165 -177 -188 -177 -159 -145 -138 -129 -122 -105 -107 -88 -99 -117 -96 -85 -89 -98 -83 -134 -49 -59 -18 32 -53 15 45 38 44
-158 -139 -145 -137 -156 -114 -113 -114 -161 -179 -198 -213 -99 -51 -162 -181 -168 -169 -174 -283 -158 -167 -157 -161 -144 -157 -170 -221 -204 -204 -188 -270 -137 -62 -143 -172 -181 -172 -190 -221 -231 -195 -205 -193 -164 -120 -119 -112 -112 -128 -110 -129 -129 -128 -129 -129 -132 -126 -104 -119 -179 -177 -168 -218 -168 -183 -162 -182 -166 -138 -136 -126 -152 -100 -115 -68 -109 -99 -84 -78 -81 -98 -98 -80 -53 -59 -4 29 -9 86 42 36 58
-286 -147 -156 -134 -193 -189 -164 -146 -174 -177 -167 -199 -149 -140 -99 -161 -174 -171 -162 -180 -163 -168 -150 -165 -145 -160 -182 -207 -196 -197 -189 -190 -128 -154 -198 -186 -184 -180 -188 -188 -282 -201 -204 -194 -130 -138 -110 -104 -131 -130 -103 -137 -129 -123 -138 -90 -114 -138 -131 -143 -178 -178 -180 -192 -165 -179 -153 -178 -160 -117 -156 -153 -150 -122 -133 -80 -115 -75 -164 -89 -131 -71 -178 -72 -63 -55 -37 -33 39 38 43 50 44
-240 -168 -255 -159 -251 -206 -191 -186 -180 -182 -193 -284 -169 -165 -173 -95 -124 -158 -106 -156 -165 -194 -197 -278 -239 -188 -193 -223 -193 -188 -201 -202 -189 -206 -191 -265 -145 -179 -141 -115 -124 -149 -181 -143 -145 -239 -239 -136 -74 -133 -134 -130 -131 -129 -76 -114 -74 -101 -107 -145 -203 -170 -184 -186 -175 -234 -172 -181 -168 -166 -154 -157 -154 -131 -115 -100 -93 -79 -97 -102 -115 -75 -80 -75 -79 -60 -66 -1 40 18 37 38 7
-170 -169 -196 -142 -174 -110 -182 -183 -194 -199 -211 -298 -174 -112 -170 -150 -76 -46 -128 -150 -173 -179 -161 -143 -149 -168 -193 -203 -204 -223 -279 -214 -209 -204 -200 -193 -197 -202 -183 -183 -173 -266 -182 -196 -200 -204 -213 -198 -196 -176 -107 -104 -134 -134 -87 -104 -79 -96 -141 -151 -164 -173 -193 -184 -177 -182 -158 -86 -169 -110 -114 -111 -177 -141 -122 -106 -74 -100 -104 -107 -112 -131 -134 -183 -111 -112 -74 -7 26 56 70 10 62
-165 -173 -171 -157 -175 -189 -202 -192 -199 -215 -296 -212 -199 -160 -168 -168 -221 -78 -107 -144 -173 -195 -183 -154 -142 -153 -170 -208 -215 -209 -201 -217 -198 -197 -209 -187 -208 -196 -183 -204 -193 -197 -185 -221 -196 -210 -209 -259 -199 -115 -176 -124 -132 -130 -111 -99 -111 -93 -118 -138 -156 -178 -272 -171 -173 -174 -229 -163 -70 -147 -102 -142 -143 -170 -102 -134 -65 -133 -97 -169 -116 -137 -120 -136 -117 -105 -79 -64 -45 34 27 -31 56
-166 -177 -176 -170 -179 -183 -191 -201 -229 -242 -213 -199 -195 -174 -231 -217 -207 -177 -152 -97 -114 -161 -168 -129 -132 -182 -253 -208 -202 -193 -187 -218 -196 -197 -187 -171 -268 -186 -180 -187 -182 -196 -185 -237 -199 -209 -199 -204 -198 -182 -179 -130 -160 -181 -105 -72 -111 -134 -131 -116 -177 -114 -150 -139 -152 -126 -102 -82 -59 -139 -147 -147 -147 -145 -106 -107 -84 -114 -106 -115 -126 -139 -120 -112 -105 -99 -87 -82 -32 -56 72 73 7
-182 -191 -188 -169 -180 -172 -202 -204 -291 -198 -192 -189 -289 -78 -184 -192 -193 -171 -180 -198 -76 -54 -155 -136 -130 -134 -138 -175 -175 -186 -195 -199 -165 -180 -176 -175 -191 -161 -173 -187 -173 -186 -185 -236 -200 -215 -203 -202 -211 -230 -189 -199 -186 -166 -132 -64 -121 -133 -151 -149 -126 -165 -88 -142 -173 -226 -128 -91 -125 -239 -100 -110 -137 -72 -112 -95 -113 -108 -128 -122 -90 -52 -93 -7 -53 17 28 61 -33 -44 -55 -1 0
-138 -160 -168 -161 -168 -183 -181 -171 -168 -172 -197 -212 -192 -194 -171 -213 -214 -211 -211 -260 -178 -163 -104 -144 -154 -168 -162 -182 -161 -166 -175 -151 -135 -127 -143 -127 -122 -118 -156 -189 -150 -170 -182 -201 -200 -206 -197 -194 -202 -219 -212 -215 -192 -187 -135 -185 -162 -129 -138 -156 -244 -169 -183 -159 -152 -193 -157 -34 -160 -160 -127 -118 -154 -139 -125 -45 -87 -83 81 -90 -42 -92 -130 -112 -57 -150 -106 -204 -61 -75 -27 2 -41
-126 -151 -139 -155 -197 -192 -203 -221 -298 -205 -229 -182 -182 -202 -209 -208 -196 -184 -183 -225 -148 -104 -49 -97 -61 -51 -140 -168 -186 -161 -180 -146 -138 -162 -146 -154 -139 -205 -162 -147 -158 -274 -159 -193 -164 -187 -210 -195 -210 -203 -199 -220 -194 -204 -200 -197 -271 -191 -271 -176 -279 -175 -213 -176 -153 -179 -167 -89 -163 -154 -154 -144 -167 -133 -163 -98 -67 -61 -83 -183 -135 -114 -107 -145 -139 -136 -93 -118 -86 -73 -21 0 15
-144 -168 -150 -140 -199 -206 -202 -195 -207 -202 -192 -305 -204 -209 -187 -208 -215 -219 -184 -188 -154 -159 -93 -162 -86 -41 -202 -208 -180 -167 -144 -126 -131 -146 -129 -139 -146 -133 -157 -126 -142 -186 -196 -184 -189 -200 -176 -166 -176 -259 -194 -226 -191 -200 -203 -201 -201 -207 -210 -193 -222 -190 -180 -183 -214 -181 -171 -173 -165 -181 -183 -157 -176 -160 -151 -145 -106 -89 31 -137 -158 -125 -105 -117 -100 -123 -120 -98 30 -58 -39 -69 -3
-162 -298 -167 -294 -179 -212 -182 -190 -213 -279 -205 -209 -184 -181 -196 -192 -185 -182 -191 -210 -198 -208 -212 -166 -217 -169 -109 -188 -212 -174 -136 -125 -151 -105 -187 -113 -134 -145 -132 -129 -153 -183 -203 -160 -131 -130 -154 -190 -286 -173 -181 -200 -196 -211 -210 -205 -224 -207 -206 -191 -210 -198 -188 -185 -194 -178 -172 -185 -161 -190 -204 -165 -163 -179 -144 -256 -136 -122 -165 -129 -138 -120 -113 -88 -128 -99 -130 -72 -123 -66 -71 -48 -39
-165 -183 -166 -292 -197 -195 -197 -187 -180 -195 -198 -215 -198 -160 -213 -195 -201 -216 -192 -184 -213 -187 -205 -185 -192 -207 -193 -107 -98 -137 -153 -142 -111 -146 -105 -153 -120 -146 -187 -129 -182 -180 -209 -179 -138 -117 -133 -160 -182 -218 -196 -200 -195 -243 -210 -208 -209 -195 -201 -199 -200 -188 -192 -196 -182 -169 -183 -201 -272 -195 -187 -172 -165 -189 -149 -165 -141 -131 -152 -127 -120 -129 -111 -76 -131 -70 -109 -70 -88 -83 -74 -38 -68
-166 -162 -121 -173 -165 -175 -182 -187 -198 -219 -297 -227 -205 -204 -198 -202 -197 -202 -192 -195 -207 -206 -172 -292 -198 -224 -246 -194 -71 -35 -89 -174 -136 -152 -141 -101 -299 -161 -149 -271 -171 -169 -156 -195 -156 -134 -115 -141 -196 -152 -197 -193 -210 -201 -195 -277 -202 -188 -196 -200 -201 -199 -189 -197 -186 -170 -206 -199 -193 -171 -177 -177 -167 -171 -163 -154 -151 -162 -144 -140 -128 -157 -108 -77 -114 -101 -77 -79 -60 28 -64 -53 -81
-171 -177 -224 -182 -151 -154 -172 -204 -260 -213 -192 -187 -186 -178 -151 -179 -189 -189 -186 -236 -185 -213 -188 -197 -232 -204 -214 -218 -169 -101 -80 -139 -135 -146 -152 -162 -147 -134 -181 -176 -141 -158 -195 -198 -235 -156 -136 -180 -126 -180 -162 -189 -192 -198 -284 -194 -188 -181 -190 -209 -201 -204 -181 -187 -180 -165 -181 -172 -199 -177 -188 -194 -161 -172 -170 -155 -168 -129 -129 -170 -135 -144 -135 -133 -106 -132 -84 -100 -66 -98 -63 -71 -56
-182 -173 -164 -180 -158 -166 -156 -167 -184 -182 -167 -163 -165 -167 -293 -149 -167 -183 -192 -201 -209 -184 -207 -208 -213 -241 -226 -176 -256 -161 -71 -95 -54 -102 -187 -174 -145 -111 -185 -158 -144 -181 -195 -212 -164 -179 -161 -134 -160 -154 -183 -203 -203 -214 -204 -200 -270 -152 -172 -194 -194 -204 -194 -189 -255 -172 -171 -185 -191 -180 -177 -177 -168 -173 -180 -149 -172 -124 -119 -136 -131 -138 -142 -123 -113 -164 -84 -128 -81 -87 -81 -76 -35
-205 -175 -186 -287 -305 -73 -177 -198 -162 -181 -179 -168 -167 -183 -168 -166 -161 -173 -278 -186 -206 -186 -201 -306 -217 -198 -197 -193 -179 -156 -144 -181 -53 -25 -107 -167 -120 -183 -130 -180 -195 -178 -206 -147 -159 -201 -125 -171 -150 -164 -192 -202 -218 -218 -205 -199 -204 -210 -280 -166 -200 -281 -185 -170 -180 -168 -183 -146 -190 -181 -277 -163 -176 -183 -189 -146 -144 -111 -100 -127 -123 -124 -144 -174 -114 -132 -101 -109 -117 -104 11 -69 -58
-219 -189 -202 -299 -185 -233 -197 -191 -216 -227 -217 -300 -97 -79 -175 -167 -187 -176 -168 -198 -173 -210 -189 -195 -221 -247 -171 -193 -211 -164 -207 -219 -166 -62 -74 -106 -84 -111 -118 -294 -148 -197 -139 -161 -226 -152 -177 -152 -157 -190 -185 -217 -221 -213 -204 -218 -223 -208 -209 -200 -227 -193 -173 -174 -206 -163 -174 -190 -189 -177 -167 -248 -172 -173 -187 -157 -139 -127 -97 -120 -142 -127 -139 -159 -130 -127 -133 -135 -109 -87 -238 -79 -80
-171 -215 -195 -178 -205 -217 -191 -247 -202 -202 -236 -200 -203 -178 -201 -201 -206 -210 -309 -301 -153 -96 -233 -231 -207 -185 -218 -201 -166 -219 -194 -220 -198 -177 -133 -93 -34 -101 -170 -117 -194 -144 -142 -237 -161 -188 -157 -175 -178 -194 -207 -221 -207 -205 -219 -215 -217 -217 -214 -219 -219 -176 -182 -190 -175 -181 -196 -192 -182 -174 -186 -172 -170 -170 -175 -165 -133 -156 -118 -127 -165 -142 -135 -155 -146 -131 -115 -107 -123 -87 -110 -98 -84
-218 -175 -213 -186 -268 -193 -216 -208 -247 -215 -196 -253 -168 -255 -165 -308 -180 -298 -181 -228 -175 -211 -299 -178 -201 -191 -189 -182 -177 -192 -128 -209 -212 -184 -189 -130 -170 -17 -101 -128 -146 -56 -206 -149 -223 -175 -193 -181 -188 -200 -192 -208 -223 -219 -201 -217 -213 -223 -225 -222 -198 -190 -187 -173 -181 -179 -185 -187 -157 -171 -192 -161 -160 -180 -172 -180 -147 -160 -130 -125 -161 -149 -129 -148 -162 -131 -128 -98 -145 -94 -82 -20 -64
-197 -226 -189 -211 -199 -189 -240 -216 -191 -234 -228 -189 -203 -197 -217 -204 -229 -223 -205 -192 -248 -180 -276 -205 -105 -200 -221 -185 -191 -239 -204 -247 -176 -229 -161 -164 -148 -171 -108 -109 -42 -113 -93 -295 -190 -197 -182 -188 -185 -180 -210 -219 -216 -223 -218 -207 -226 -221 -217 -203 -205 -193 -184 -190 -211 -183 -302 -186 -185 -166 -172 -156 -164 -259 -160 -186 -151 -169 -139 -127 -156 -156 -133 -132 -158 -130 -150 -102 -112 -107 -75 -148 -68
-184 -202 -189 -203 -171 -215 -195 -219 -232 -201 -241 -181 -243 -175 -249 -192 -304 -202 -222 -202 -189 -198 -205 -225 -190 -228 -174 -192 -198 -214 -212 -188 -192 -164 -180 -166 -199 -166 -179 -65 -112 -88 -195 -174 -190 -185 -190 -196 -174 -232 -202 -214 -220 -221 -195 -211 -210 -243 -204 -199 -198 -191 -181 -221 -193 -308 -189 -178 -196 -151 -154 -145 -175 -166 -166 -200 -151 -158 -156 -126 -148 -166 -137 -130 -145 -147 -134 -116 -108 -125 -88 -92 -102
-298 -190 -215 -189 -191 -210 -233 -196 -210 -245 -186 -228 -202 -229 -209 -230 -227 -227 -199 -226 -188 -231 -204 -201 -203 -251 -173 -93 -310 -202 -201 -180 -176 -248 -180 -227 -173 -193 -207 -145 -126 -15 -68 -22 -181 -200 -195 -183 -310 -257 -196 -191 -198 -217 -199 -216 -223 -210 -212 -199 -193 -190 -238 -201 -301 -208 -173 -207 -190 -225 -160 -162 -170 -173 -165 -173 -156 -150 -180 -131 -143 -176 -146 -129 -139 -152 -121 -134 -103 -143 -100 -107 -124
-202 -212 -193 -183 -235 -196 -219 -254 -212 -211 -186 -220 -191 -247 -203 -256 -210 -232 -205 -205 -219 -215 -238 -213 -205 -196 -218 -185 -313 -96 -182 -187 -197 -190 -299 -216 -200 -232 -152 -140 -149 -164 -109 -67 -185 -206 -193 -215 -201 -200 -231 -192 -190 -204 -217 -217 -191 -202 -183 -182 -189 -228 -203 -310 -217 -185 -207 -179 -230 -174 -192 -174 -156 -151 -173 -162 -159 -132 -154 -142 -143 -159 -154 -150 -144 -158 -120 -151 -112 -120 -117 -132 -80
-185 -298 -198 -217 -215 -292 -210 -206 -259 -169 -240 -194 -248 -210 -226 -220 -219 -202 -217 -203 -210 -203 -195 -200 -234 -190 -169 -256 -206 -202 -261 -181 -193 -220 -198 -211 -260 -159 -149 -153 -143 -162 -153 -64 -28 -317 -147 -210 -207 -193 -192 -213 -212 -210 -215 -215 -198 -193 -190 -195 -263 -183 -307 -214 -194 -211 -183 -207 -190 -192 -178 -182 -153 -157 -177 -158 -168 -142 -167 -271 -170 -153 -171 -132 -168 -149 -130 -127 -128 -128 -120 -250 -280
-211 -215 -186 -250 -215 -193 -236 -234 -188 -184 -210 -191 -239 -196 -252 -198 -221 -221 -208 -243 -204 -201 -221 -241 -188 -188 -220 -192 -201 -230 -176 -76 -202 -199 -189 -208 -194 -163 -161 -162 -149 -171 -157 -163 -63 -13 -43 -96 -290 -195 -198 -192 -205 -211 -206 -210 -185 -196 -190 -251 -192 -305 -200 -195 -209 -201 -218 -180 -185 -177 -197 -194 -185 -181 -175 -169 -158 -156 -186 -146 -186 -165 -146 -185 -157 -134 -148 -165 -111 -139 -139 -160 -148
-228 -182 -235 -204 -215 -210 -203 -219 -160 -259 -179 -307 -195 -213 -214 -229 -200 -242 -212 -218 -225 -209 -196 -223 -231 -187 -205 -216 -217 -208 -213 -187 -180 -69 -95 -183 -181 -157 -184 -189 -160 -163 -157 -110 -104 9 -224 -121 -219 -192 -184 -200 -205 -192 -207 -195 -197 -206 -242 -194 -300 -197 -231 -197 -212 -217 -197 -190 -183 -194 -195 -192 -191 -174 -178 -159 -163 -176 -142 -194 -178 -137 -189 -156 -140 -163 -166 -119 -163 -139 -137 -142 -142
-201 -204 -219 -162 -196 -208 -246 -262 -192 -181 -177 -224 -184 -248 -190 -210 -222 -202 -297 -223 -215 -207 -274 -197 -182 -227 -210 -211 -208 -209 -197 -207 -200 -232 -168 -55 -152 -196 -167 -171 -159 -154 -106 -104 -245 -145 -74 -88 -239 -199 -200 -215 -189 -197 -186 -198 -195 -238 -194 -307 -198 -218 -195 -214 -212 -190 -199 -194 -186 -192 -176 -192 -183 -170 -169 -163 -207 -139 -196 -169 -151 -217 -159 -143 -158 -172 -130 -172 -153 -143 -139 -133 -170
-193 -242 -213 -155 -227 -215 -223 -178 -221 -195 -304 -191 -208 -201 -212 -180 -209 -213 -212 -249 -228 -227 -208 -193 -272 -205 -202 -231 -215 -190 -223 -201 -266 -194 -158 -179 -188 -36 -164 -160 -132 -220 -67 -210 -72 -89 -55 -240 -241 -112 -207 -185 -197 -185 -188 -196 -238 -190 -307 -195 -209 -196 -209 -195 -196 -199 -192 -179 -190 -180 -186 -186 -180 -179 -204 -171 -135 -184 -154 -151 -281 -156 -141 -159 -171 -130 -172 -170 -161 -138 -132 -132 -133
